1 16
1 119
1 176
1 254
1 323
1 414
1 506
1 741
1 778
1 882
1 883
1 929
1 973
2 251
2 432
2 469
2 475
2 482
2 521
2 627
2 650
2 655
2 660
2 685
2 720
2 766
2 789
2 895
3 69
3 134
3 288
3 352
3 478
3 585
3 750
3 953
4 22
4 33
4 192
4 270
4 433
4 491
4 501
4 753
4 842
4 844
4 868
4 870
4 984
5 67
5 162
5 164
5 257
5 278
5 293
5 364
5 380
5 393
5 513
5 976
6 133
6 273
6 368
6 381
6 614
6 659
6 666
6 682
6 725
6 782
6 872
6 995
7 178
7 316
7 320
7 737
7 795
7 898
7 963
8 57
8 69
8 162
8 275
8 292
8 338
8 347
8 365
8 397
8 505
8 514
8 555
8 562
8 584
8 684
8 948
8 999
9 103
9 336
9 465
9 651
9 688
9 890
9 959
10 43
10 128
10 161
10 364
10 420
10 820
11 13
11 110
11 301
11 381
11 463
11 692
11 703
11 983
12 74
12 118
12 142
12 486
12 505
12 593
12 700
12 787
12 889
13 103
13 269
13 503
13 555
13 561
13 585
13 629
13 740
14 51
14 213
14 339
14 588
14 606
14 804
14 863
14 961
15 191
15 222
15 323
15 422
15 442
15 488
15 507
15 584
15 854
15 960
15 998
16 203
16 362
16 365
16 413
16 416
16 451
16 453
16 593
16 617
16 857
16 941
16 962
17 28
17 120
17 139
17 276
17 311
17 333
17 482
17 701
17 831
17 874
17 982
18 139
18 187
18 411
18 477
18 595
18 779
18 870
18 897
18 936
19 66
19 203
19 250
19 400
19 433
19 483
19 569
19 595
19 611
19 938
19 957
20 66
20 320
20 430
20 601
20 666
20 782
20 811
20 893
20 931
20 943
21 160
21 411
21 461
21 543
21 561
21 799
21 808
21 851
22 239
22 370
22 387
22 395
22 505
22 558
22 586
22 587
22 735
22 768
22 798
22 833
22 905
22 919
23 37
23 280
23 313
23 485
23 535
23 666
23 729
24 175
24 217
24 334
24 469
24 598
24 742
24 771
24 798
24 802
24 823
24 892
24 976
25 131
25 262
25 308
25 349
25 353
25 415
25 470
25 479
25 526
25 530
25 636
25 663
25 741
25 987
26 210
26 265
26 470
26 535
26 562
26 801
26 870
26 985
26 997
27 90
27 95
27 329
27 542
27 638
27 669
27 972
28 13
28 31
28 103
28 229
28 309
28 364
28 530
28 600
28 628
28 661
28 668
28 781
28 847
28 930
29 32
29 154
29 164
29 271
29 401
29 421
29 467
29 574
29 595
29 603
29 610
29 626
29 757
29 818
29 965
29 992
30 159
30 261
30 308
30 338
30 428
30 776
30 903
31 45
31 92
31 304
31 410
31 423
31 459
31 481
31 508
31 686
31 836
31 901
32 449
32 632
32 828
32 878
32 893
32 920
32 975
32 990
33 18
33 201
33 226
33 248
33 304
33 523
33 628
33 803
34 13
34 38
34 56
34 100
34 520
34 644
34 882
34 955
34 981
35 23
35 30
35 105
35 182
35 293
35 330
35 359
35 401
35 476
35 491
35 517
35 598
35 731
35 745
35 893
35 922
35 990
36 124
36 159
36 182
36 244
36 314
36 572
36 602
36 689
36 793
36 867
37 33
37 120
37 123
37 211
37 276
37 321
37 359
37 384
37 805
38 23
38 230
38 242
38 350
38 376
38 467
38 643
38 693
38 696
38 790
38 824
39 74
39 137
39 313
39 317
39 478
39 534
39 577
39 927
40 57
40 139
40 169
40 237
40 463
40 483
40 510
40 530
40 594
40 723
41 113
41 175
41 460
41 565
41 576
41 777
41 810
41 820
41 916
41 992
42 166
42 201
42 233
42 372
42 550
42 607
42 621
42 668
42 693
42 749
42 826
42 859
42 870
43 265
43 393
43 592
43 596
43 856
43 915
44 202
44 327
44 463
44 474
44 481
44 511
44 577
44 606
44 673
44 682
44 818
44 907
45 52
45 62
45 255
45 372
45 374
45 572
45 680
46 31
46 212
46 353
46 560
46 850
47 65
47 362
47 461
47 659
47 698
47 722
47 863
47 893
48 131
48 237
48 321
48 351
48 356
48 448
48 602
48 954
49 586
49 691
49 884
49 944
49 984
50 16
50 224
50 286
50 474
50 870
50 998
50 1000
51 43
51 150
51 290
51 350
51 438
51 849
51 875
51 961
52 27
52 30
52 40
52 184
52 231
52 244
52 329
52 421
52 654
52 965
52 977
52 991
53 8
53 9
53 385
53 495
53 753
53 841
53 909
54 87
54 127
54 156
54 306
54 357
54 368
54 470
54 530
54 582
54 629
54 690
54 691
54 696
54 820
54 892
54 938
54 973
55 9
55 19
55 119
55 249
55 275
55 391
55 606
55 763
55 770
55 772
55 793
56 205
56 454
56 706
56 926
56 936
57 104
57 306
57 343
57 444
57 617
57 717
57 931
57 949
58 14
58 39
58 141
58 273
58 422
58 437
58 590
58 611
58 737
58 748
58 934
58 987
59 8
59 203
59 359
59 367
59 421
59 524
59 562
59 686
59 761
59 805
59 832
59 987
60 282
60 335
60 418
60 545
60 561
60 786
60 843
60 901
60 908
60 909
60 936
60 945
61 136
61 170
61 201
61 276
61 475
61 684
61 869
61 945
61 987
62 75
62 130
62 524
62 584
62 657
62 926
62 934
62 984
63 104
63 209
63 232
63 317
63 413
63 457
63 495
63 585
63 658
63 685
63 696
63 772
63 806
64 99
64 129
64 233
64 248
64 275
64 350
64 356
64 418
64 456
64 484
64 508
64 606
64 610
64 791
64 845
64 846
64 900
64 904
64 978
65 57
65 215
65 697
65 698
65 707
66 37
66 44
66 79
66 114
66 182
66 214
66 216
66 532
66 619
66 853
66 998
67 318
67 370
67 389
67 507
67 514
67 518
67 598
67 600
67 720
67 737
67 782
68 75
68 126
68 151
68 403
68 435
68 443
68 518
68 674
68 756
68 762
68 787
68 881
68 926
69 392
69 417
69 591
69 596
69 700
69 840
69 925
69 955
69 969
70 12
70 13
70 33
70 35
70 78
70 164
70 386
70 582
70 638
70 943
71 197
71 261
71 526
71 564
71 645
71 672
71 820
71 842
71 873
72 6
72 88
72 275
72 438
72 439
72 554
72 775
72 806
72 971
73 2
73 212
73 261
73 267
73 360
73 369
73 729
73 989
74 32
74 39
74 227
74 468
74 532
74 555
74 611
74 615
74 667
74 838
74 880
75 309
75 349
75 533
75 581
75 612
76 87
76 163
76 208
76 230
76 288
76 608
76 712
76 894
77 35
77 290
77 367
77 424
77 758
77 852
77 877
78 329
78 360
78 783
79 83
79 261
79 321
79 341
79 399
79 433
79 511
79 675
79 680
79 683
79 841
79 879
79 885
79 927
79 979
80 156
80 280
80 307
80 333
80 381
80 492
80 608
80 636
80 684
80 801
80 816
80 866
80 896
80 954
81 101
81 273
81 333
81 461
81 537
81 599
81 686
81 777
81 838
81 867
81 923
82 94
82 102
82 302
82 337
82 549
82 854
83 166
83 290
83 313
83 340
83 407
83 518
83 575
83 646
83 739
83 886
84 93
84 278
84 347
84 354
84 380
84 398
84 424
84 450
84 512
84 763
84 766
84 838
85 141
85 350
85 424
85 625
85 631
85 794
85 870
85 961
86 52
86 240
86 357
86 420
86 479
86 552
86 603
86 676
86 686
86 916
86 970
87 120
87 318
87 326
87 434
87 519
87 545
87 706
87 796
87 906
87 922
87 992
88 188
88 209
88 337
88 464
88 473
88 640
88 830
88 954
89 13
89 173
89 401
89 441
89 563
89 716
89 791
90 295
90 302
90 398
90 534
90 676
90 853
90 876
90 884
91 102
91 184
91 341
91 625
91 785
91 897
91 903
91 949
92 79
92 115
92 200
92 312
92 642
92 697
92 736
92 946
93 55
93 162
93 251
93 305
93 370
93 374
93 375
93 511
93 633
93 725
93 916
93 969
94 92
94 318
94 354
94 442
94 482
94 540
94 561
94 607
94 635
94 867
95 274
95 398
95 437
95 537
96 160
96 401
96 547
96 586
96 644
96 829
96 831
96 950
97 24
97 137
97 255
97 387
97 583
97 652
97 656
97 672
97 674
97 762
97 771
97 790
97 934
98 126
98 185
98 383
98 390
98 875
99 10
99 171
99 197
99 395
99 429
99 489
99 712
99 960
100 70
100 120
100 251
100 362
100 370
100 583
100 712
100 764
100 834
100 900
100 913
100 965
101 63
101 70
101 148
101 158
101 173
101 317
101 369
101 473
101 492
101 512
101 622
101 629
101 722
101 729
101 816
101 865
101 868
102 80
102 226
102 228
102 241
102 282
102 565
102 679
102 685
102 700
102 727
102 735
102 872
102 913
103 314
103 527
103 629
103 680
103 734
103 794
104 45
104 257
104 287
104 514
104 531
104 537
104 665
104 784
104 824
105 309
105 343
105 389
105 419
105 420
105 441
105 555
105 627
105 779
105 783
105 833
105 967
105 992
106 244
106 377
106 571
106 640
106 663
106 670
106 699
106 923
106 936
106 967
107 113
107 138
107 195
107 245
107 281
107 303
107 304
107 441
107 527
107 712
107 724
107 754
107 828
108 305
108 328
108 553
108 569
108 596
108 693
108 775
108 848
108 861
108 938
109 11
109 354
109 666
109 711
109 825
109 892
109 923
109 925
110 51
110 220
110 382
110 393
110 448
110 470
110 549
110 598
110 782
110 837
110 959
111 20
111 96
111 216
111 277
111 551
111 648
111 948
111 965
112 55
112 164
112 201
112 302
112 404
112 463
112 515
112 620
112 636
112 644
112 650
112 774
112 851
113 106
113 125
113 282
113 305
113 398
113 531
113 653
113 766
113 782
114 1
114 102
114 133
114 187
114 399
114 586
114 669
114 744
114 804
114 925
115 171
115 228
115 412
115 703
115 725
115 730
115 754
115 882
115 888
115 926
115 976
116 337
116 345
116 417
116 463
116 517
116 629
116 701
116 979
117 39
117 102
117 291
117 302
117 316
117 371
117 482
117 490
117 514
117 899
117 955
117 984
118 11
118 65
118 304
118 325
118 420
118 435
118 701
118 749
118 930
119 72
119 200
119 229
119 320
119 428
119 577
119 613
119 652
119 739
119 871
119 931
119 933
119 973
120 186
120 216
120 246
120 272
120 507
120 666
120 676
120 858
121 15
121 144
121 249
121 459
121 485
121 551
121 586
121 654
121 700
121 737
121 746
122 307
122 362
122 424
122 518
122 747
122 776
122 846
122 854
122 949
123 8
123 332
123 416
123 428
123 503
123 591
123 700
123 937
124 269
124 354
124 505
124 556
124 708
124 748
124 950
125 37
125 201
125 286
125 295
125 387
125 485
125 494
125 530
125 694
125 727
125 742
125 802
125 865
125 879
125 976
126 35
126 208
126 307
126 323
126 383
126 389
126 410
126 442
126 552
126 561
126 570
126 754
126 820
126 849
126 923
126 933
126 977
127 79
127 386
127 432
127 498
127 501
127 701
127 729
127 790
127 867
127 876
128 185
128 291
128 316
128 659
128 707
129 181
129 272
129 300
129 332
129 487
129 565
129 739
129 820
130 18
130 27
130 34
130 113
130 167
130 540
130 562
130 563
130 593
130 661
130 740
131 14
131 71
131 220
131 359
131 369
131 444
131 521
131 666
131 791
131 968
131 970
131 997
132 30
132 40
132 433
132 480
132 501
132 553
132 554
132 661
132 806
132 961
132 969
132 974
133 201
133 244
133 317
133 345
133 435
133 518
133 527
133 550
133 602
133 619
133 782
133 783
134 80
134 100
134 145
134 293
134 308
134 332
134 387
134 504
134 813
135 28
135 45
135 194
135 433
135 619
135 814
135 888
136 25
136 49
136 224
136 262
136 422
136 446
136 628
136 639
136 715
136 769
136 801
136 814
136 865
137 16
137 30
137 47
137 162
137 236
137 377
137 399
137 538
137 592
137 601
137 640
137 657
137 692
137 723
137 783
137 881
137 927
137 971
137 993
138 17
138 50
138 67
138 260
138 311
138 331
138 376
138 455
138 463
138 651
138 712
138 763
138 923
138 951
138 983
138 984
138 994
139 134
139 227
139 235
139 461
139 516
139 651
139 736
139 764
139 817
139 833
140 16
140 21
140 27
140 174
140 199
140 228
140 240
140 493
140 576
140 578
140 738
140 748
140 921
140 948
141 87
141 330
141 359
141 402
141 797
141 853
141 870
141 993
142 56
142 254
142 428
142 622
142 705
142 776
142 782
142 792
142 800
142 922
143 75
143 194
143 227
143 297
143 313
143 359
143 405
143 408
143 628
143 815
143 925
144 69
144 151
144 283
144 379
144 387
144 391
144 429
144 459
144 512
144 520
144 699
144 748
144 801
144 856
144 961
145 44
145 221
145 245
145 539
145 579
145 615
145 986
146 320
146 545
146 741
146 768
146 863
146 897
146 902
147 11
147 16
147 68
147 70
147 106
147 179
147 233
147 350
147 568
147 596
147 647
147 832
147 979
148 117
148 211
148 213
148 216
148 498
148 501
148 827
148 860
148 938
148 944
149 132
149 188
149 396
149 424
149 431
149 487
149 514
149 517
149 548
149 561
149 669
149 684
149 788
149 789
149 811
149 948
150 252
150 395
150 405
150 514
150 652
150 674
150 843
150 896
151 47
151 86
151 222
151 267
151 350
151 511
151 530
151 554
151 648
151 669
151 843
152 267
152 272
152 528
152 676
152 751
153 266
153 447
153 589
153 668
153 909
154 8
154 39
154 293
154 309
154 380
154 441
154 524
154 618
154 663
154 882
154 930
155 186
155 491
155 568
155 631
155 755
155 833
155 921
156 94
156 155
156 158
156 281
156 680
156 781
156 796
156 826
156 835
156 872
156 980
157 19
157 63
157 92
157 165
157 302
157 483
157 667
157 676
157 767
157 934
157 978
158 17
158 192
158 304
158 309
158 320
158 457
158 475
158 491
158 591
158 857
158 915
158 928
159 62
159 182
159 236
159 445
159 518
159 655
159 795
160 231
160 239
160 395
160 465
160 499
160 582
160 857
160 970
161 89
161 100
161 278
161 280
161 286
161 344
161 412
161 461
161 540
161 544
161 622
161 654
161 658
161 698
161 712
161 716
161 784
161 885
161 993
162 116
162 179
162 313
162 383
162 456
162 507
162 557
162 593
162 764
162 919
162 967
163 139
163 174
163 328
163 506
163 853
163 869
163 890
164 117
164 261
164 352
164 666
164 724
164 890
165 309
165 477
165 508
165 591
165 603
165 629
165 677
165 938
165 945
166 19
166 260
166 268
166 453
166 464
166 509
166 573
166 575
166 762
166 859
166 861
166 912
167 28
167 109
167 122
167 161
167 202
167 215
167 263
167 273
167 307
167 442
167 446
167 545
167 551
167 606
167 682
167 769
167 967
168 5
168 21
168 36
168 220
168 342
168 356
168 453
168 460
168 556
168 692
168 702
168 711
168 797
168 827
169 117
169 184
169 294
169 350
169 435
169 631
169 638
169 664
169 709
169 892
169 953
170 101
170 152
170 179
170 195
170 204
170 454
170 807
170 860
171 116
171 240
171 266
171 429
171 454
172 43
172 196
172 265
172 341
172 387
172 727
172 803
172 859
172 917
173 6
173 96
173 267
173 308
173 606
173 617
173 710
173 730
173 760
173 808
173 823
173 842
173 872
174 289
174 313
174 322
174 323
174 474
174 629
174 631
174 673
174 769
174 820
174 884
174 887
174 968
175 59
175 89
175 134
175 178
175 353
175 467
175 586
175 628
175 639
175 787
175 833
175 859
175 959
176 185
176 219
176 228
176 302
176 419
176 577
176 630
176 646
176 689
176 728
176 834
176 884
177 10
177 81
177 93
177 149
177 168
177 195
177 359
177 423
177 431
177 630
177 675
177 813
177 901
178 79
178 93
178 193
178 322
178 375
178 396
178 484
178 693
178 756
178 820
178 937
179 19
179 40
179 105
179 236
179 241
179 336
179 461
179 554
179 696
179 731
179 937
179 985
180 59
180 152
180 762
180 811
180 855
180 941
181 60
181 90
181 187
181 333
181 392
181 454
181 481
181 510
181 561
181 642
181 858
182 8
182 159
182 329
182 404
182 471
182 827
182 984
183 129
183 182
183 189
183 296
183 324
183 335
183 387
183 404
183 508
183 570
183 802
183 854
184 503
184 581
184 716
184 721
185 43
185 160
185 178
185 308
185 380
185 532
185 606
185 982
185 987
186 11
186 165
186 374
186 447
186 454
186 464
186 562
186 622
186 652
186 835
187 88
187 131
187 183
187 219
187 343
187 407
187 481
187 694
187 770
187 784
188 34
188 85
188 90
188 172
188 299
188 300
188 491
188 531
188 536
188 840
188 960
189 11
189 62
189 64
189 74
189 79
189 212
189 357
189 391
189 395
189 496
189 584
189 615
189 672
189 751
189 829
189 851
189 891
189 998
190 153
190 217
190 220
190 496
190 513
190 726
190 780
190 782
190 812
190 987
190 989
191 52
191 123
191 188
191 331
191 374
191 436
191 544
191 726
191 758
191 786
191 848
191 979
192 57
192 73
192 90
192 91
192 314
192 431
192 580
192 914
193 117
193 128
193 318
193 489
193 507
193 524
193 546
193 753
194 38
194 66
194 282
194 302
194 386
194 506
194 650
194 693
194 732
194 774
194 782
194 824
194 961
194 993
195 143
195 291
195 560
195 932
195 991
196 14
196 16
196 189
196 240
196 244
196 500
196 623
196 682
197 112
197 130
197 167
197 214
197 311
197 400
197 516
197 683
197 742
197 913
198 223
198 249
198 463
198 517
198 587
198 687
198 791
198 826
198 864
198 945
199 35
199 53
199 366
199 406
199 543
199 864
199 934
199 959
200 199
200 265
200 496
200 504
200 544
200 628
200 684
200 755
200 858
200 901
201 265
201 461
201 771
201 909
202 62
202 64
202 69
202 165
202 209
202 414
202 440
202 548
202 712
203 19
203 39
203 283
203 293
203 321
203 750
204 167
204 253
204 441
204 643
204 690
204 714
204 784
204 967
205 36
205 173
205 201
205 552
205 663
205 714
205 725
205 733
206 126
206 141
206 194
206 222
206 261
206 403
206 412
206 604
206 682
206 731
206 781
206 790
206 809
206 998
207 86
207 254
207 267
207 408
207 422
207 487
207 514
207 540
207 774
208 102
208 142
208 253
208 254
208 285
208 330
208 531
208 623
208 653
208 778
208 779
208 853
208 902
208 934
209 48
209 156
209 167
209 211
209 240
209 277
209 281
209 353
209 377
209 428
209 453
209 688
209 691
209 869
210 124
210 166
210 256
210 275
210 312
210 371
210 426
210 431
210 586
210 618
211 42
211 49
211 60
211 132
211 335
211 396
211 435
211 449
211 541
211 577
211 679
212 455
212 466
212 569
212 716
212 860
212 965
212 967
213 124
213 233
213 470
213 474
213 639
213 772
213 779
213 817
213 872
214 183
214 330
214 349
214 523
214 550
214 698
214 723
214 733
215 36
215 64
215 241
215 380
215 441
215 623
215 689
215 721
215 748
215 791
215 792
215 826
215 844
216 211
216 396
216 454
216 508
216 573
216 684
216 692
216 709
216 716
216 748
216 792
216 934
217 191
217 356
217 668
217 960
217 966
218 46
218 188
218 309
218 579
218 690
218 995
219 157
219 177
219 261
219 445
219 600
219 896
220 18
220 44
220 76
220 199
220 264
220 696
220 747
220 897
220 974
221 42
221 152
221 596
221 602
222 115
222 249
222 284
222 331
222 585
222 713
222 716
222 933
223 50
223 65
223 102
223 197
223 389
223 455
223 528
223 548
223 616
223 774
223 785
223 816
223 846
223 852
223 945
224 47
224 129
224 212
224 236
224 281
224 379
224 523
224 573
224 660
224 809
224 840
224 841
224 899
225 162
225 190
225 325
225 339
225 353
225 376
225 382
225 489
225 496
225 515
225 647
225 686
225 741
225 744
225 745
226 1
226 40
226 106
226 192
226 198
226 503
226 547
226 619
226 935
226 978
226 991
227 243
227 496
227 726
227 767
227 843
227 862
227 966
228 13
228 72
228 265
228 296
228 481
228 555
228 670
228 740
228 748
228 775
228 807
228 814
228 879
229 25
229 69
229 193
229 224
229 359
229 360
229 546
229 671
229 718
229 809
229 916
229 933
230 129
230 297
230 506
230 779
230 933
231 126
231 151
231 357
231 535
231 811
231 891
231 903
232 71
232 82
232 139
232 143
232 144
232 151
232 171
232 190
232 255
232 439
232 597
232 653
232 762
232 768
232 809
232 934
233 130
233 300
233 346
233 467
233 535
233 538
233 808
233 838
233 842
233 980
234 64
234 125
234 175
234 247
234 298
234 364
234 471
234 716
234 926
235 122
235 163
235 229
235 311
235 353
235 389
235 789
235 936
236 148
236 267
236 309
236 530
236 812
236 818
236 862
236 987
237 80
237 113
237 310
237 311
237 341
237 491
237 643
237 729
237 821
237 905
237 906
237 907
237 914
238 5
238 46
238 237
238 270
238 553
238 573
238 637
238 682
238 803
238 804
238 886
239 129
239 271
239 407
239 421
239 465
239 578
239 923
239 946
240 64
240 89
240 93
240 130
240 206
240 292
240 355
240 362
240 542
240 619
240 680
240 690
240 756
240 766
240 771
240 933
241 107
241 143
241 212
241 219
241 247
241 694
241 740
241 781
241 806
241 920
241 967
242 3
242 82
242 341
242 374
242 519
242 619
242 666
242 755
242 790
242 797
242 823
242 827
242 892
242 898
243 30
243 133
243 188
243 521
243 568
243 664
243 931
244 19
244 110
244 260
244 531
244 566
244 689
244 780
244 802
245 11
245 15
245 190
245 274
245 389
245 571
245 774
245 896
246 159
246 165
246 182
246 261
246 441
246 452
246 637
246 734
246 780
246 797
246 878
246 946
247 99
247 297
247 345
247 396
247 437
247 566
247 644
247 704
247 816
247 842
247 895
247 973
248 29
248 88
248 126
248 317
248 382
248 486
248 748
248 759
248 897
248 972
248 997
249 21
249 23
249 320
249 370
249 437
249 451
249 524
249 671
249 709
249 742
249 793
249 818
249 831
250 8
250 11
250 164
250 198
250 288
250 619
250 658
250 923
250 936
251 12
251 22
251 54
251 509
251 528
251 752
251 792
251 867
251 911
252 12
252 61
252 136
252 219
252 263
252 315
252 381
252 482
252 509
252 522
252 638
252 682
252 751
252 765
252 867
253 1
253 122
253 128
253 191
253 295
253 303
253 399
253 460
253 478
253 611
253 767
254 106
254 247
254 382
254 709
254 864
254 885
255 11
255 30
255 57
255 96
255 214
255 236
255 405
255 449
255 451
255 492
255 544
255 559
255 651
255 659
255 776
255 934
256 181
256 183
256 334
256 363
256 754
256 801
256 864
256 885
256 918
256 994
257 41
257 72
257 89
257 184
257 231
257 542
257 569
257 590
257 602
257 709
257 818
258 17
258 107
258 172
258 267
258 282
258 405
258 408
258 490
258 659
258 674
258 685
258 977
258 980
259 6
259 29
259 75
259 189
259 230
259 295
259 421
259 476
259 543
259 755
259 829
260 73
260 128
260 265
260 315
260 394
260 482
260 716
261 120
261 284
261 319
261 320
261 611
261 624
261 941
261 997
262 111
262 151
262 247
262 306
262 521
263 170
263 254
263 350
263 367
263 815
263 883
264 65
264 184
264 314
264 347
264 364
264 392
264 657
264 757
264 820
264 915
265 66
265 69
265 157
265 193
265 346
265 424
265 523
265 647
266 23
266 55
266 254
266 331
266 347
266 376
266 429
266 652
266 842
267 49
267 292
267 376
267 379
267 503
267 668
267 689
267 728
267 772
267 939
268 9
268 10
268 127
268 242
268 536
268 625
268 711
268 735
268 930
269 27
269 101
269 175
269 259
269 734
269 832
269 926
269 986
270 13
270 233
270 294
270 442
270 641
270 655
270 807
270 899
270 911
271 241
271 346
271 462
271 657
271 688
271 699
271 706
271 754
271 924
271 955
271 995
272 115
272 302
272 410
272 419
272 453
272 463
272 615
272 643
272 661
272 915
272 987
273 102
273 139
273 399
273 437
273 481
273 668
273 672
273 673
273 795
273 997
274 62
274 119
274 212
274 236
274 243
274 420
274 431
274 460
274 469
274 484
274 700
274 727
274 860
275 85
275 129
275 146
275 177
275 226
275 230
275 511
275 527
275 551
275 633
275 713
275 728
275 730
275 877
275 916
276 91
276 194
276 270
276 318
276 376
276 380
276 414
276 530
276 553
276 716
276 750
276 797
277 15
277 56
277 116
277 128
277 216
277 283
277 300
277 344
277 397
277 425
277 488
277 492
277 573
277 638
277 694
277 715
277 733
277 781
277 783
277 788
278 51
278 83
278 116
278 199
278 453
278 555
278 750
278 769
278 845
279 121
279 155
279 238
279 328
279 461
279 502
279 561
279 651
279 784
279 819
279 850
279 889
279 979
280 145
280 216
280 346
280 349
280 376
280 406
280 432
280 516
280 760
280 838
280 919
280 926
281 134
281 181
281 244
281 275
281 373
281 419
281 546
281 568
281 592
281 919
281 937
281 998
282 1
282 18
282 153
282 194
282 227
282 320
282 447
282 476
282 649
282 690
282 848
282 913
282 924
283 195
283 273
283 336
283 393
283 416
283 546
283 607
284 60
284 95
284 164
284 234
284 299
284 340
284 348
284 394
284 501
284 531
284 677
284 737
285 238
285 518
285 568
285 593
285 610
285 694
285 755
286 44
286 137
286 486
286 652
286 752
286 973
286 998
287 2
287 22
287 124
287 182
287 300
287 397
287 417
287 544
287 846
288 74
288 441
288 545
288 588
288 710
288 791
288 822
288 900
289 40
289 90
289 204
289 248
289 394
289 419
289 604
289 648
289 831
289 898
289 940
289 941
290 90
290 163
290 383
290 442
290 735
290 779
290 804
290 902
290 960
290 967
291 20
291 127
291 234
291 315
291 328
291 370
291 378
291 548
291 609
291 664
291 710
291 801
292 12
292 30
292 128
292 130
292 132
292 187
292 338
292 431
292 471
292 567
292 932
292 965
293 86
293 91
293 109
293 157
293 166
293 300
293 371
293 495
293 533
293 581
293 602
293 913
294 46
294 126
294 245
294 599
294 633
294 650
295 88
295 262
295 274
295 309
295 354
295 546
295 605
295 610
295 633
295 685
295 686
295 758
295 916
296 7
296 193
296 234
296 303
296 534
296 613
296 726
297 151
297 255
297 264
297 325
297 368
297 379
297 444
297 674
297 676
297 757
297 796
297 868
297 931
297 960
298 117
298 145
298 172
298 259
298 427
298 576
298 654
298 680
298 990
299 7
299 202
299 247
299 279
299 352
299 367
299 389
299 432
299 521
299 760
299 864
300 23
300 151
300 167
300 291
300 388
300 441
300 468
300 505
300 740
300 748
300 807
300 876
301 60
301 62
301 115
301 170
301 221
301 342
301 345
301 505
301 593
301 773
301 794
301 809
301 975
302 183
302 274
302 310
302 373
302 520
302 878
303 85
303 191
303 442
303 563
303 675
303 698
303 861
303 933
303 940
304 54
304 553
304 629
304 693
304 714
304 781
304 797
304 818
304 833
304 875
304 917
305 203
305 335
305 357
305 483
305 671
305 736
306 86
306 148
306 166
306 340
306 349
306 468
306 477
306 492
306 536
306 905
307 145
307 158
307 187
307 194
307 298
307 457
307 548
307 632
307 668
307 682
307 697
307 783
307 853
307 873
307 895
307 918
307 999
308 9
308 40
308 190
308 478
308 511
308 546
308 579
308 737
308 839
309 24
309 102
309 335
309 447
309 561
309 637
309 739
309 802
309 894
310 3
310 37
310 120
310 160
310 235
310 421
310 422
310 437
310 468
310 478
310 520
310 546
310 614
310 740
310 918
310 925
310 961
310 971
310 985
310 999
311 130
311 172
311 371
311 388
311 527
311 547
311 555
311 588
311 604
311 874
311 941
311 947
311 955
311 963
312 32
312 127
312 161
312 719
312 848
312 970
313 202
313 252
313 265
313 310
313 381
313 605
313 750
313 751
313 778
313 804
314 23
314 71
314 85
314 92
314 100
314 170
314 627
314 675
314 695
314 877
315 302
315 340
315 542
315 554
315 670
315 782
315 861
315 892
315 916
315 946
315 974
316 36
316 42
316 137
316 148
316 514
316 948
316 956
317 242
317 304
317 373
317 714
317 905
318 83
318 191
318 315
318 336
318 455
318 468
318 520
318 814
318 992
319 55
319 98
319 114
319 240
319 496
319 724
319 977
319 995
320 66
320 141
320 296
320 603
320 616
320 732
320 753
320 909
320 954
321 3
321 77
321 206
321 598
321 629
321 943
321 966
322 3
322 74
322 79
322 95
322 186
322 212
322 357
322 382
322 394
322 476
322 530
322 602
322 838
322 842
323 47
323 378
323 420
323 447
323 469
323 490
323 529
323 648
323 732
323 774
323 796
323 799
323 831
323 922
324 7
324 61
324 84
324 112
324 116
324 168
324 182
324 253
324 258
324 355
324 425
324 547
324 731
324 739
324 914
325 254
325 255
325 473
325 478
325 553
325 555
325 596
325 687
325 873
325 929
325 941
325 981
326 30
326 417
326 720
327 51
327 128
327 263
327 319
327 385
327 577
327 623
327 732
327 827
328 151
328 161
328 371
328 486
328 629
328 789
328 872
328 875
328 888
328 997
329 14
329 581
329 626
329 730
329 797
329 842
329 866
329 927
329 961
330 1
330 113
330 248
330 333
330 530
330 568
330 764
330 780
330 812
330 931
330 949
331 212
331 227
331 409
331 564
331 660
331 689
331 690
331 760
331 882
331 896
332 48
332 339
332 388
332 420
332 542
332 559
332 729
332 754
332 924
333 240
333 549
333 599
333 642
333 670
333 685
333 747
333 772
333 898
333 922
333 949
334 8
334 15
334 59
334 271
334 425
334 674
334 718
334 749
335 89
335 101
335 150
335 164
335 242
335 609
335 653
335 805
335 974
336 48
336 220
336 509
336 559
336 792
336 866
336 890
337 7
337 336
337 401
337 521
337 653
337 731
337 751
337 931
338 87
338 142
338 196
338 263
338 342
338 404
338 413
338 483
338 533
338 554
338 674
338 774
338 953
339 52
339 100
339 193
339 229
339 303
339 390
339 523
339 663
339 795
339 826
340 248
340 302
340 405
340 418
340 455
340 632
340 722
340 733
341 103
341 130
341 172
341 174
341 241
341 247
341 421
341 437
341 452
341 468
341 470
341 480
341 670
341 825
342 186
342 398
342 478
342 506
342 666
342 667
342 728
342 757
342 873
342 903
342 998
343 10
343 76
343 132
343 295
343 473
343 496
343 543
343 544
343 567
343 617
343 679
343 747
343 874
343 893
343 916
343 943
344 426
344 589
344 703
344 736
344 796
344 853
344 923
344 986
344 993
345 34
345 131
345 144
345 514
345 541
345 568
345 912
346 41
346 478
346 496
346 883
347 34
347 75
347 320
347 385
347 637
347 670
347 752
347 947
348 182
348 203
348 286
348 331
348 462
348 491
348 528
348 649
348 775
348 870
348 957
349 94
349 342
349 399
349 468
349 472
349 568
349 577
349 684
349 703
349 835
349 848
350 118
350 161
350 375
350 515
350 526
350 562
350 649
350 793
350 847
350 947
351 154
351 182
351 253
351 546
351 590
351 825
351 895
352 177
352 230
352 251
352 370
352 428
352 491
352 606
352 643
352 797
352 941
353 56
353 399
353 402
353 515
353 591
353 789
353 951
354 92
354 119
354 176
354 193
354 438
354 446
354 740
354 755
354 915
354 999
355 18
355 58
355 85
355 186
355 198
355 225
355 252
355 301
355 390
355 446
355 452
355 503
355 551
356 24
356 316
356 579
356 664
356 704
356 709
356 906
356 930
356 939
357 146
357 349
357 406
357 660
357 678
357 778
357 924
357 966
357 1000
358 51
358 54
358 78
358 215
358 329
358 341
358 465
358 466
358 559
358 678
358 764
358 841
358 867
358 960
359 102
359 138
359 268
359 296
359 399
359 571
359 584
359 617
359 807
360 20
360 163
360 470
360 674
360 731
360 906
361 44
361 316
361 499
361 539
361 722
361 837
362 273
362 493
362 537
362 579
362 590
362 600
362 678
363 86
363 760
363 789
363 850
364 133
364 199
364 249
364 261
364 298
364 427
364 478
364 628
364 732
364 762
364 837
364 911
364 936
364 989
365 71
365 102
365 107
365 126
365 605
365 626
365 649
365 711
365 818
365 888
366 2
366 615
366 834
366 971
367 1
367 128
367 219
367 258
367 295
367 323
367 383
367 425
367 444
367 606
367 608
367 736
367 843
367 957
368 62
368 144
368 320
368 482
368 549
368 579
368 861
369 175
369 233
369 269
369 427
369 521
369 564
369 638
369 679
369 767
369 804
369 891
369 907
370 4
370 320
370 323
370 378
370 435
370 445
370 517
370 584
370 608
370 969
371 91
371 111
371 188
371 306
371 506
371 509
371 593
371 605
371 639
371 656
371 694
371 869
371 902
371 907
372 69
372 82
372 134
372 215
372 246
372 484
372 614
372 641
372 904
373 3
373 71
373 144
373 181
373 647
373 746
373 768
373 801
374 12
374 73
374 165
374 417
374 706
374 714
374 895
375 162
375 166
375 230
375 601
375 662
375 744
375 809
376 33
376 237
376 259
376 284
376 345
376 540
376 585
376 682
376 703
376 745
376 949
376 968
377 83
377 246
377 413
377 464
377 503
377 688
377 729
377 781
378 41
378 176
378 197
378 219
378 456
378 526
378 966
379 17
379 137
379 139
379 173
379 237
379 244
379 282
379 314
379 337
379 542
379 957
380 53
380 147
380 156
380 244
380 256
380 285
380 363
380 373
380 388
380 531
380 656
380 786
380 844
380 995
381 81
381 126
381 134
381 138
381 199
381 321
381 586
381 737
381 856
381 951
382 176
382 200
382 350
382 447
382 461
382 478
382 805
382 809
382 831
382 923
383 70
383 258
383 260
383 300
383 317
383 473
383 614
383 767
383 912
383 980
384 28
384 184
384 263
384 292
384 441
384 537
384 538
384 738
384 841
385 67
385 154
385 158
385 253
385 340
385 563
385 695
385 839
386 16
386 136
386 153
386 300
386 482
386 675
386 679
386 808
386 813
387 32
387 70
387 126
387 169
387 357
387 448
387 746
387 803
387 932
388 2
388 19
388 38
388 100
388 109
388 126
388 181
388 182
388 184
388 242
388 252
388 273
388 419
388 423
388 441
388 619
388 621
388 639
389 212
389 336
389 478
389 506
389 542
389 586
389 773
389 793
389 860
389 919
389 983
390 120
390 234
390 237
390 264
390 387
390 501
390 580
390 851
390 909
390 938
391 109
391 241
391 254
391 402
391 430
391 574
391 681
391 885
391 898
391 930
392 139
392 157
392 224
392 244
392 248
392 330
392 457
392 571
392 609
392 858
393 13
393 79
393 116
393 129
393 196
393 215
393 217
393 244
393 302
393 366
393 456
393 510
393 513
393 560
393 568
393 673
393 816
393 825
393 831
393 854
393 922
394 342
394 375
394 377
394 766
394 859
395 21
395 229
395 234
395 261
395 275
395 588
395 773
395 842
395 869
395 917
396 51
396 56
396 160
396 191
396 284
396 646
396 896
397 431
397 572
397 608
397 686
397 711
397 744
397 821
397 851
398 22
398 164
398 275
398 403
398 414
398 458
398 619
398 736
398 778
398 824
398 899
399 118
399 156
399 161
399 205
399 251
399 368
399 378
399 438
399 442
399 484
399 990
400 112
400 279
400 404
400 543
400 547
400 643
400 738
400 807
400 854
400 905
400 992
401 223
401 378
401 500
401 548
401 720
401 726
401 780
401 791
401 887
401 915
402 53
402 177
402 231
402 297
402 897
402 904
402 937
402 972
402 992
403 61
403 95
403 98
403 158
403 187
403 197
403 439
403 834
404 93
404 98
404 113
404 121
404 186
404 414
404 430
404 442
404 498
404 604
404 838
404 853
404 886
404 925
404 972
405 45
405 301
405 343
405 438
405 462
405 541
405 618
405 700
405 860
405 940
405 989
406 136
406 289
406 305
406 325
406 359
406 365
406 585
406 685
406 694
406 819
406 848
406 920
406 978
407 43
407 110
407 129
407 279
407 364
407 444
407 450
407 534
407 545
407 557
407 620
407 635
407 695
408 178
408 275
408 316
408 320
408 359
408 377
408 397
408 521
408 523
408 686
408 708
408 925
409 337
409 415
409 455
409 543
409 576
409 662
409 836
410 52
410 114
410 160
410 377
410 458
410 468
410 505
410 515
410 556
410 559
410 605
410 737
410 899
411 151
411 318
411 559
411 561
411 593
411 662
411 711
411 934
412 170
412 291
412 333
412 359
412 505
412 798
412 942
412 991
413 26
413 33
413 71
413 124
413 370
413 672
413 959
414 137
414 253
414 280
414 454
414 542
414 555
414 700
414 762
414 772
414 783
414 787
414 936
415 3
415 108
415 144
415 256
415 303
415 383
415 429
415 486
415 487
415 641
416 4
416 89
416 170
416 303
416 312
416 471
416 485
416 782
416 827
416 853
416 935
417 260
417 265
417 554
417 602
417 818
417 832
417 872
417 905
417 966
418 25
418 56
418 169
418 294
418 334
418 402
418 512
418 610
418 852
418 876
418 920
419 2
419 69
419 217
419 226
419 264
419 360
419 373
419 403
419 452
419 611
419 615
419 637
419 985
420 19
420 128
420 143
420 145
420 170
420 181
420 382
420 542
420 720
420 731
420 764
420 780
421 30
421 216
421 403
421 474
421 550
421 802
421 852
421 877
421 915
421 944
422 7
422 12
422 164
422 318
422 489
422 574
422 672
422 801
422 881
422 900
423 47
423 48
423 69
423 98
423 184
423 189
423 240
423 522
423 590
423 649
423 730
423 809
423 871
423 904
423 922
423 930
424 63
424 229
424 281
424 530
424 640
424 858
425 35
425 73
425 135
425 536
425 539
425 640
426 26
426 181
426 207
426 307
426 417
426 492
426 534
426 559
426 848
426 896
426 943
427 279
427 473
427 532
427 761
427 780
427 950
427 959
427 994
427 996
428 80
428 109
428 209
428 342
428 466
428 605
428 652
428 701
428 919
428 947
428 999
429 74
429 88
429 121
429 124
429 467
429 556
429 692
429 891
429 917
430 56
430 97
430 203
430 323
430 382
430 627
430 703
430 981
431 136
431 212
431 238
431 365
431 370
431 428
431 452
431 682
431 787
431 878
432 8
432 28
432 63
432 113
432 166
432 201
432 718
432 818
432 858
432 919
432 940
433 74
433 161
433 241
433 400
433 467
433 657
434 53
434 149
434 417
434 509
434 531
434 611
434 670
434 740
435 218
435 234
435 445
435 460
435 510
435 521
435 522
435 650
435 674
435 861
435 985
436 58
436 129
436 187
436 222
436 369
436 377
436 451
436 572
436 575
436 608
436 802
436 883
436 899
437 92
437 175
437 392
437 460
437 536
437 748
437 896
438 5
438 96
438 228
438 246
438 448
438 757
438 850
438 967
439 247
439 517
439 820
439 921
439 924
440 41
440 146
440 480
440 856
440 961
441 35
441 52
441 231
441 357
441 372
441 472
441 719
441 744
441 945
442 36
442 128
442 183
442 248
442 513
443 64
443 343
443 354
443 410
443 412
443 735
443 850
444 85
444 207
444 367
444 398
444 458
444 496
444 497
444 735
445 208
445 278
445 303
445 384
445 466
445 557
445 611
445 688
445 785
445 922
446 31
446 39
446 288
446 520
446 715
446 763
446 771
446 832
446 939
447 23
447 75
447 228
447 332
447 349
447 381
447 392
447 462
447 592
447 661
447 914
448 126
448 282
448 302
448 643
448 791
448 809
448 831
449 47
449 147
449 167
449 401
449 684
449 707
450 164
450 206
450 218
450 233
450 243
450 259
450 683
450 760
451 17
451 188
451 258
451 466
451 485
451 550
451 821
451 951
452 247
452 469
452 476
452 660
452 748
452 881
453 46
453 138
453 254
453 279
453 412
453 446
453 621
454 128
454 278
454 408
454 694
454 863
454 981
454 991
455 46
455 98
455 166
455 428
455 785
455 804
455 883
456 106
456 129
456 225
456 365
456 413
456 433
456 443
456 447
456 494
456 521
456 542
456 608
456 707
456 753
456 827
456 871
456 895
456 929
456 933
457 2
457 65
457 92
457 268
457 300
457 366
457 458
457 466
457 475
457 494
457 656
457 832
457 908
457 911
457 942
457 956
458 198
458 214
458 289
458 375
458 552
458 566
458 589
458 600
458 690
458 703
458 765
458 840
458 856
459 118
459 282
459 366
459 381
459 790
459 921
459 951
459 953
459 972
460 104
460 121
460 322
460 438
460 487
460 633
460 677
460 736
460 798
460 954
461 86
461 123
461 239
461 251
461 474
461 974
462 183
462 218
462 252
462 255
462 285
462 651
462 663
462 900
462 929
462 943
463 82
463 108
463 423
463 573
463 701
463 703
463 779
464 106
464 215
464 266
464 745
464 775
464 864
464 879
464 964
464 971
465 41
465 106
465 157
465 288
465 294
465 529
465 546
465 877
465 913
465 929
466 154
466 210
466 342
466 553
466 581
466 601
466 794
466 821
466 965
467 165
467 287
467 418
467 584
467 640
467 670
467 748
468 15
468 117
468 128
468 335
468 336
468 387
468 641
468 759
468 798
468 925
468 985
468 997
469 13
469 62
469 158
469 244
469 268
469 364
469 488
469 729
469 854
469 960
469 976
470 127
470 205
470 952
470 986
471 159
471 178
471 179
471 285
471 463
471 522
471 683
471 725
471 826
471 871
471 901
471 908
472 112
472 143
472 187
472 214
472 252
472 363
472 715
472 804
472 874
472 876
472 962
473 287
473 337
473 398
473 489
473 704
473 705
473 862
473 887
473 981
473 999
474 159
474 218
474 221
474 226
474 493
474 599
474 692
475 126
475 127
475 165
475 172
475 183
475 193
475 205
475 605
475 845
475 871
476 232
476 272
476 322
476 405
476 426
476 492
476 644
476 668
476 693
476 736
476 959
476 971
476 981
477 130
477 190
477 221
477 455
477 725
477 741
477 763
477 831
477 937
478 6
478 211
478 314
478 376
478 691
478 708
478 811
479 145
479 237
479 416
479 601
479 740
480 47
480 85
480 115
480 129
480 190
480 217
480 221
480 315
480 319
480 444
480 613
480 673
480 700
480 869
480 913
481 23
481 33
481 35
481 248
481 263
481 571
481 901
482 96
482 503
482 703
482 744
482 773
482 822
482 869
483 120
483 363
483 398
483 454
483 475
483 524
483 527
483 598
483 667
483 723
483 749
483 752
483 818
484 197
484 297
484 316
484 643
484 695
484 872
484 923
484 946
484 973
485 187
485 322
485 339
485 565
485 676
485 843
485 855
485 973
486 242
486 260
486 297
486 308
486 345
486 579
486 626
486 768
486 885
487 95
487 99
487 245
487 294
487 476
487 495
487 585
487 659
487 712
487 851
487 870
487 904
487 938
488 31
488 62
488 122
488 214
488 317
488 433
488 443
488 553
488 614
488 616
488 622
488 662
488 691
488 881
489 62
489 111
489 240
489 340
489 343
489 446
489 596
489 696
489 703
489 873
489 905
489 918
490 198
490 236
490 344
490 393
490 479
490 504
490 554
490 705
490 727
490 758
490 804
490 917
490 938
490 942
491 32
491 181
491 218
491 221
491 286
491 365
491 479
491 577
491 710
491 873
492 65
492 164
492 216
492 245
492 379
492 391
492 427
492 586
492 723
492 815
492 820
492 848
492 852
493 109
493 158
493 210
493 274
493 426
493 447
493 645
494 43
494 74
494 78
494 119
494 172
494 207
494 236
494 643
494 814
494 896
495 3
495 281
495 465
495 615
495 690
495 722
495 836
495 864
496 146
496 308
496 716
496 856
496 858
497 63
497 80
497 174
497 218
497 276
497 328
497 399
497 494
497 602
497 954
497 964
498 20
498 59
498 106
498 107
498 160
498 253
498 286
498 309
498 570
498 594
498 666
498 677
498 688
498 851
499 8
499 11
499 63
499 107
499 146
499 344
499 430
499 514
499 560
499 669
499 727
499 738
500 479
500 494
500 530
500 562
500 576
500 638
500 681
500 706
500 861
500 934
501 46
501 54
501 108
501 197
501 248
501 409
501 431
501 477
501 519
501 607
501 742
501 789
501 954
502 108
502 238
502 544
502 546
502 612
502 697
502 766
502 767
502 821
502 873
502 936
502 973
503 168
503 238
503 337
503 397
503 404
503 478
503 481
503 496
503 709
503 737
503 755
503 770
503 881
503 918
504 71
504 121
504 125
504 187
504 233
504 493
504 559
504 586
504 597
504 662
504 759
504 764
504 769
504 786
504 799
504 805
504 920
505 87
505 132
505 166
505 187
505 211
505 214
505 434
505 589
505 736
505 772
505 776
505 812
505 997
506 37
506 82
506 94
506 161
506 407
506 436
506 469
506 912
506 938
507 93
507 102
507 146
507 542
507 553
507 832
507 844
507 945
508 29
508 65
508 72
508 163
508 191
508 253
508 264
508 374
508 416
508 430
508 459
508 621
508 632
508 656
508 702
508 711
508 761
508 780
508 962
509 25
509 173
509 209
509 297
509 334
509 336
509 641
509 886
510 63
510 164
510 362
510 458
510 706
510 743
510 820
510 823
510 979
511 54
511 98
511 116
511 173
511 456
511 529
511 559
511 591
511 910
512 13
512 265
512 289
512 506
512 577
512 677
512 701
512 709
512 760
512 846
512 873
513 29
513 105
513 121
513 131
513 371
513 489
513 507
513 523
513 606
513 644
513 645
513 690
513 778
513 800
513 804
513 823
513 864
513 922
513 1000
514 170
514 325
514 411
514 598
514 599
514 740
515 65
515 410
515 470
515 620
515 631
515 661
515 719
515 739
516 159
516 335
516 384
516 566
516 671
516 938
516 962
517 74
517 119
517 146
517 344
517 418
517 439
517 548
517 555
517 613
517 615
517 877
518 112
518 124
518 243
518 254
518 469
518 476
518 716
518 775
518 800
518 900
519 78
519 181
519 388
519 424
519 585
519 598
519 711
519 747
519 786
519 826
519 926
519 943
519 957
519 961
520 10
520 96
520 429
520 729
520 775
520 783
520 814
520 816
520 881
520 895
520 960
520 961
521 85
521 674
521 800
521 898
521 919
521 921
521 944
522 135
522 203
522 556
522 611
522 744
522 852
522 902
523 34
523 40
523 304
523 511
523 563
523 621
523 647
523 718
523 759
523 777
524 125
524 221
524 241
524 367
524 445
524 622
524 827
524 922
525 35
525 178
525 413
525 444
525 528
525 608
525 718
525 830
525 879
525 955
526 74
526 122
526 134
526 217
526 310
526 458
526 695
526 863
526 868
526 939
527 6
527 102
527 122
527 248
527 250
527 360
527 512
527 539
527 575
527 674
527 761
527 939
528 30
528 92
528 278
528 317
528 322
528 425
528 663
528 776
528 811
528 819
528 855
528 919
528 920
528 995
529 64
529 167
529 173
529 433
529 449
529 458
529 481
529 836
529 837
529 853
529 865
529 894
529 910
530 81
530 134
530 146
530 247
530 295
530 356
530 423
530 489
530 508
530 538
530 836
530 970
531 101
531 437
531 891
532 18
532 92
532 201
532 293
532 549
532 626
532 807
532 824
532 850
533 6
533 73
533 87
533 195
533 350
534 142
534 157
534 159
534 232
534 288
534 398
534 541
534 623
534 866
535 159
535 213
535 454
535 482
535 516
535 544
535 635
535 754
535 809
536 59
536 94
536 149
536 173
536 181
536 262
536 287
536 368
536 482
536 550
536 750
537 100
537 128
537 175
537 206
537 277
537 411
537 413
537 481
537 803
537 848
537 865
537 875
537 879
537 907
538 181
538 207
538 212
538 218
538 338
538 409
538 420
538 817
538 826
539 121
539 165
539 203
539 328
539 384
539 538
539 747
539 750
539 881
539 898
539 983
540 45
540 97
540 112
540 184
540 200
540 383
540 414
540 646
540 770
540 929
541 102
541 185
541 287
541 557
541 641
541 877
541 907
541 982
542 158
542 283
542 383
542 538
542 615
542 624
542 628
542 701
542 716
542 802
542 850
542 972
543 321
543 409
543 468
543 482
543 658
543 731
543 735
543 790
543 840
544 320
544 523
544 533
544 618
544 663
544 920
545 105
545 152
545 212
545 770
545 809
546 17
546 112
546 190
546 310
546 339
546 369
546 375
546 432
546 486
546 499
546 720
546 733
546 782
546 885
547 55
547 347
547 487
547 519
547 539
547 668
547 800
548 105
548 141
548 440
548 465
548 550
548 560
548 648
548 736
548 781
549 7
549 258
549 489
549 665
549 684
549 690
549 790
549 832
549 925
550 98
550 117
550 202
550 271
550 412
550 977
551 29
551 209
551 296
551 311
551 362
551 575
551 707
551 787
551 811
552 14
552 23
552 581
552 735
552 741
552 745
552 749
552 856
552 936
552 951
552 994
552 997
553 580
553 698
553 999
554 25
554 166
554 203
554 255
554 287
554 428
554 589
554 596
554 675
554 715
554 845
554 872
554 877
554 920
555 250
555 266
555 373
555 374
555 388
555 483
555 494
555 577
555 590
555 632
555 658
555 703
556 4
556 124
556 144
556 188
556 421
556 465
556 592
556 823
556 855
556 963
556 993
557 101
557 215
557 384
557 435
557 488
557 589
557 678
557 684
558 76
558 157
558 167
558 215
558 270
558 290
558 292
558 333
558 398
558 536
558 858
558 861
558 925
558 928
559 86
559 345
559 382
559 465
559 485
559 517
559 521
559 526
559 698
559 720
559 772
559 773
559 825
559 845
559 993
560 218
560 483
560 489
560 619
560 688
560 972
560 992
561 36
561 91
561 92
561 198
561 393
561 395
561 581
561 747
561 749
561 900
561 923
561 933
561 975
562 373
562 486
562 531
562 797
562 904
562 981
562 1000
563 35
563 132
563 166
563 265
563 315
563 327
563 334
563 410
563 770
563 846
564 65
564 165
564 195
564 406
564 550
564 678
564 946
565 94
565 190
565 262
565 289
565 378
565 426
565 610
565 885
566 18
566 133
566 145
566 236
566 255
566 266
566 432
566 522
566 605
566 613
566 670
566 704
566 825
566 830
567 27
567 118
567 211
567 378
567 387
567 513
567 732
567 977
568 12
568 117
568 153
568 296
568 352
568 449
568 456
568 460
568 497
568 613
568 619
568 635
568 654
568 713
568 729
568 775
568 813
568 829
568 845
568 889
568 932
568 937
569 185
569 195
569 222
569 260
569 310
569 491
569 582
569 589
569 781
569 881
569 950
570 158
570 181
570 310
570 579
570 647
570 672
570 688
570 864
570 897
570 989
571 40
571 66
571 473
571 502
571 674
571 714
571 741
571 860
572 144
572 193
572 391
572 503
572 587
572 641
572 696
572 772
572 794
572 797
572 890
573 250
573 263
573 394
573 453
573 469
573 511
573 926
574 97
574 407
574 659
575 2
575 144
575 164
575 171
575 186
575 278
575 381
575 413
575 887
575 933
576 56
576 127
576 248
576 314
576 321
576 434
576 447
576 464
576 517
576 546
576 549
576 716
576 845
576 985
576 995
577 145
577 157
577 265
577 364
577 395
577 507
577 546
577 548
577 740
577 841
577 957
578 87
578 242
578 308
578 468
578 522
578 701
578 796
578 800
578 812
578 823
578 981
579 150
579 152
579 154
579 194
579 231
579 251
579 293
579 294
579 354
579 522
579 553
579 762
579 783
580 141
580 214
580 253
580 300
580 488
580 592
580 822
580 854
580 900
580 949
581 6
581 91
581 160
581 191
581 222
581 299
581 698
581 704
581 966
582 20
582 91
582 112
582 114
582 224
582 235
582 425
582 500
582 507
582 705
582 755
582 891
582 892
582 951
583 139
583 155
583 209
583 623
583 752
583 774
584 11
584 177
584 334
584 342
584 444
584 658
584 771
584 789
584 833
584 934
584 966
584 991
585 7
585 22
585 25
585 110
585 148
585 270
585 328
585 637
585 798
585 940
586 27
586 71
586 86
586 190
586 212
586 327
586 425
586 575
586 855
586 925
586 940
587 60
587 111
587 278
587 296
587 308
587 345
587 397
587 597
587 889
588 9
588 60
588 186
588 232
588 293
588 395
588 408
588 671
588 677
588 739
588 744
588 778
589 19
589 63
589 374
589 413
589 596
589 724
589 828
589 909
590 9
590 134
590 170
590 221
590 270
590 333
590 577
590 769
590 934
590 958
591 76
591 218
591 359
591 388
591 423
591 426
591 563
591 609
591 644
591 648
591 652
591 683
591 715
591 905
591 944
592 180
592 302
592 311
592 354
592 362
592 464
592 476
592 627
592 713
592 808
593 65
593 124
593 287
593 607
593 699
593 759
593 934
594 52
594 161
594 191
594 220
594 264
594 304
594 436
594 498
594 608
594 636
594 809
594 821
594 925
594 972
594 980
594 985
595 146
595 151
595 267
595 500
595 619
595 719
595 761
595 880
595 903
595 913
596 4
596 264
596 293
596 521
596 806
596 855
596 859
596 975
597 29
597 37
597 136
597 487
597 587
597 664
597 672
597 898
598 185
598 238
598 305
598 333
598 357
598 412
598 468
598 500
598 584
598 626
598 682
598 811
598 851
598 873
598 919
599 42
599 62
599 152
599 276
599 313
599 366
599 580
599 633
599 765
599 835
599 848
599 864
599 870
600 66
600 75
600 215
600 499
600 500
600 581
600 712
600 736
601 140
601 185
601 194
601 292
601 308
601 318
601 365
601 481
601 800
601 825
601 896
602 19
602 60
602 73
602 219
602 368
602 652
602 658
602 890
603 134
603 193
603 233
603 420
603 557
603 764
603 844
603 849
604 102
604 348
604 388
604 403
604 429
604 475
604 496
604 535
604 544
604 703
604 714
604 730
604 731
604 788
604 898
604 925
604 970
605 227
605 671
605 674
605 693
605 803
605 872
605 874
605 882
605 899
605 932
606 344
606 432
606 516
606 560
606 581
606 596
606 647
606 721
606 855
606 892
607 39
607 189
607 228
607 268
607 423
607 579
607 592
607 597
607 675
607 766
607 776
607 812
608 169
608 370
608 522
608 703
608 734
608 739
608 758
608 991
609 27
609 33
609 63
609 98
609 165
609 388
609 510
609 736
609 737
609 939
609 942
610 126
610 165
610 207
610 227
610 229
610 354
610 940
611 107
611 134
611 155
611 304
611 397
611 423
611 569
611 644
611 790
611 912
611 932
611 964
612 22
612 114
612 137
612 224
612 381
612 416
612 441
612 505
612 522
612 524
612 618
612 622
612 665
612 673
612 824
612 832
612 862
612 1000
613 39
613 196
613 272
613 371
614 236
614 277
614 340
614 555
614 636
614 713
614 888
614 989
615 151
615 199
615 509
615 633
615 674
615 767
615 846
616 22
616 23
616 49
616 263
616 442
616 652
616 653
616 712
616 727
616 746
616 766
616 852
616 968
617 126
617 332
617 344
617 723
617 897
617 975
618 26
618 71
618 118
618 454
618 716
618 864
618 926
618 960
619 143
619 231
619 499
619 553
619 745
619 863
620 31
620 45
620 101
620 198
620 366
620 520
620 551
620 580
620 606
620 872
620 898
620 944
621 133
621 273
621 462
621 477
621 506
621 676
621 797
621 923
622 72
622 105
622 225
622 558
622 702
622 729
622 835
622 883
622 935
623 277
623 347
623 422
623 445
623 463
623 490
623 550
623 695
623 788
623 820
623 826
623 893
624 131
624 236
624 697
625 27
625 202
625 214
625 376
625 390
626 79
626 154
626 241
626 341
626 410
626 455
626 611
626 628
626 649
626 806
626 825
626 872
626 999
627 21
627 67
627 114
627 194
627 362
627 603
627 641
627 662
627 672
627 676
627 726
627 864
627 926
628 17
628 129
628 213
628 492
628 652
628 697
628 785
628 821
628 844
628 919
629 21
629 57
629 142
629 193
629 274
629 814
629 848
630 221
630 291
630 391
630 519
630 591
630 639
630 666
630 693
630 792
630 909
631 110
631 205
631 300
631 406
631 412
631 458
631 487
631 498
631 615
631 738
631 759
631 781
631 842
631 956
632 218
632 498
632 507
632 516
632 664
632 730
632 865
633 17
633 60
633 210
633 262
633 338
633 609
633 759
633 879
633 886
634 174
634 358
634 658
634 660
634 727
634 760
635 8
635 60
635 98
635 148
635 197
635 210
635 222
635 314
635 368
635 491
635 616
635 623
635 675
635 796
635 835
635 937
635 955
635 956
636 207
636 257
636 270
636 461
636 891
636 944
636 956
636 989
637 132
637 568
637 699
637 838
637 914
637 936
638 49
638 103
638 104
638 165
638 198
638 204
638 478
638 497
638 522
638 548
638 649
638 712
638 772
638 829
638 959
638 966
639 170
639 239
639 338
639 340
639 569
639 669
639 860
640 53
640 173
640 279
640 397
640 541
640 545
640 549
640 578
640 602
640 615
640 633
640 854
641 3
641 81
641 141
641 159
641 315
641 448
641 772
641 784
641 886
641 889
642 88
642 260
642 261
642 307
642 383
642 399
642 446
642 450
642 714
642 890
643 57
643 140
643 160
643 247
643 561
643 715
643 835
644 113
644 258
644 272
644 281
644 323
644 423
644 464
644 490
644 527
644 603
644 662
644 681
644 733
644 808
644 841
644 891
645 93
645 177
645 355
645 397
645 512
645 617
645 875
645 905
645 988
646 121
646 123
646 224
646 273
646 363
646 474
646 563
646 603
646 662
646 713
646 801
646 839
646 923
646 967
647 25
647 97
647 233
647 360
647 409
647 441
647 493
647 499
647 744
647 785
647 839
647 843
647 857
648 176
648 310
648 531
648 719
648 962
649 38
649 179
649 270
649 282
649 310
649 489
649 644
649 764
649 932
650 101
650 125
650 210
650 297
650 384
650 698
651 16
651 34
651 92
651 343
651 415
651 498
651 559
651 583
651 770
651 795
651 823
651 937
652 16
652 66
652 92
652 156
652 446
652 598
652 920
652 979
653 65
653 161
653 240
653 311
653 339
653 426
653 442
653 532
653 608
653 641
653 651
653 665
653 712
653 719
653 760
653 908
653 944
653 988
654 12
654 132
654 145
654 190
654 211
654 371
654 433
654 758
654 791
654 904
654 969
655 375
655 503
655 985
656 25
656 54
656 319
656 463
656 817
656 857
656 911
657 39
657 97
657 523
657 583
657 641
657 793
657 959
658 21
658 275
658 294
658 406
658 683
658 684
658 695
658 734
658 819
658 836
658 860
659 38
659 121
659 220
659 279
659 402
659 415
659 456
659 509
659 719
659 797
660 50
660 91
660 338
660 438
660 493
660 513
660 966
660 993
661 4
661 61
661 118
661 412
661 587
661 673
661 687
661 790
661 911
661 942
662 90
662 100
662 111
662 390
662 395
662 397
662 433
662 461
662 505
662 513
662 682
662 719
662 754
662 794
662 846
662 861
663 102
663 167
663 184
663 203
663 265
663 350
663 440
663 447
663 500
663 616
663 955
663 989
664 3
664 9
664 15
664 330
664 332
664 434
664 718
664 840
664 852
664 947
664 953
664 997
665 107
665 142
665 348
665 422
665 514
665 554
665 649
665 650
665 716
665 746
666 14
666 60
666 231
666 308
666 325
666 372
666 452
666 597
666 636
666 718
666 814
666 881
667 155
667 233
667 253
667 293
667 336
667 374
667 514
667 560
667 575
667 648
667 865
667 908
667 928
667 953
667 967
668 79
668 158
668 168
668 435
668 684
668 728
668 790
669 36
669 147
669 182
669 261
669 361
669 443
669 495
669 568
669 574
669 599
669 608
669 634
669 866
669 906
670 78
670 216
670 297
670 299
670 312
670 394
670 698
670 791
670 987
671 37
671 124
671 240
671 300
671 393
671 460
671 551
671 757
671 802
672 46
672 72
672 109
672 198
672 231
672 379
672 474
672 544
672 577
672 593
672 606
672 766
672 844
672 952
672 974
672 983
672 990
673 2
673 21
673 97
673 118
673 139
673 218
673 287
673 295
673 506
673 512
673 663
673 758
673 871
673 900
673 907
673 988
674 50
674 86
674 115
674 270
674 391
674 444
674 494
674 582
674 840
674 874
675 81
675 97
675 126
675 130
675 228
675 265
675 281
675 315
675 320
675 370
675 410
675 414
675 623
676 55
676 127
676 253
676 278
676 292
676 325
676 360
676 633
676 852
676 956
677 28
677 138
677 155
677 177
677 178
677 207
677 524
677 668
677 721
677 777
677 962
678 48
678 457
678 520
678 626
678 742
678 749
678 794
678 841
678 915
679 48
679 162
679 261
679 439
679 623
679 718
679 824
679 905
679 919
679 942
680 74
680 204
680 430
680 456
680 479
680 494
680 500
680 513
680 604
680 618
680 640
680 721
681 43
681 61
681 84
681 251
681 395
681 397
681 473
681 666
681 753
681 787
681 856
681 905
681 938
681 942
682 23
682 34
682 39
682 294
682 351
682 490
682 571
682 713
682 715
682 909
683 69
683 122
683 340
683 350
683 677
683 706
683 762
683 776
683 938
683 956
684 160
684 168
684 182
684 592
684 727
684 802
684 861
684 882
684 903
685 12
685 34
685 61
685 429
685 475
685 956
685 995
686 95
686 336
686 453
686 494
686 617
686 619
686 699
686 720
686 807
686 836
686 887
686 943
687 128
687 450
687 491
687 513
687 604
687 703
687 748
688 129
688 362
688 401
688 454
688 473
688 497
688 544
688 690
688 773
688 986
688 987
689 16
689 50
689 56
689 82
689 139
689 285
689 332
689 333
689 386
689 635
689 663
690 66
690 85
690 291
690 610
690 692
690 795
690 816
690 845
691 205
691 404
691 421
691 463
691 613
691 897
691 923
691 935
692 42
692 135
692 184
692 230
692 299
692 480
692 509
692 558
692 587
692 732
692 801
692 906
692 962
693 114
693 349
693 472
693 552
693 625
693 666
693 712
693 720
694 49
694 51
694 224
694 230
694 275
694 342
694 379
694 431
694 711
694 771
694 812
694 845
694 879
694 919
695 441
695 475
695 543
695 565
695 819
695 849
695 891
695 900
696 53
696 147
696 159
696 355
696 620
696 710
696 889
697 147
697 304
697 313
697 372
697 380
697 505
697 734
697 781
697 812
697 878
697 948
697 950
697 965
698 102
698 156
698 281
698 291
698 652
698 870
698 996
699 80
699 357
699 395
699 411
699 534
699 558
699 598
699 726
699 845
699 847
699 926
699 950
699 980
700 64
700 405
700 425
700 449
700 572
700 631
700 685
700 810
701 276
701 299
701 311
701 463
701 889
702 153
702 207
702 210
702 327
702 338
702 450
702 595
702 679
702 969
702 979
702 996
703 164
703 178
703 228
703 325
703 667
703 718
703 768
703 876
704 75
704 168
704 219
704 505
704 537
704 583
704 696
704 843
704 918
704 989
705 115
705 192
705 265
705 344
705 554
705 583
705 663
705 714
705 831
706 173
706 178
706 263
706 311
706 362
706 411
706 423
706 444
706 549
706 603
706 632
706 633
706 637
706 659
706 688
706 752
706 926
706 958
707 168
707 374
707 505
707 511
707 741
707 819
707 848
708 42
708 127
708 165
708 294
708 460
708 631
708 727
708 736
708 808
709 73
709 106
709 203
709 401
709 412
709 416
709 528
709 616
709 634
709 793
709 890
709 903
710 186
710 328
710 520
710 552
710 632
711 91
711 229
711 351
711 428
711 469
711 553
711 584
711 793
712 258
712 361
712 390
712 496
712 628
712 791
712 806
712 812
712 983
712 996
713 165
713 230
713 277
713 339
713 533
713 592
713 660
713 701
713 775
713 917
714 126
714 354
714 387
714 458
714 778
714 810
714 898
714 976
715 243
715 336
715 371
715 439
715 557
715 601
715 757
715 766
715 849
715 938
716 60
716 73
716 76
716 170
716 313
716 334
716 684
716 747
716 851
716 892
717 197
717 345
717 454
717 491
717 633
717 707
717 796
717 886
718 103
718 128
718 177
718 191
718 197
718 290
718 368
718 410
718 730
718 982
719 257
719 502
719 512
719 689
719 757
719 898
719 899
720 2
720 136
720 203
720 212
720 220
720 325
720 333
720 351
720 398
720 474
720 478
720 546
720 617
721 278
721 472
721 620
721 631
721 905
721 957
721 964
721 979
721 993
722 121
722 182
722 277
722 342
722 405
722 417
722 492
722 641
722 643
722 929
722 991
723 149
723 156
723 303
723 378
723 496
723 511
723 603
723 781
723 838
724 36
724 66
724 88
724 108
724 422
724 480
724 533
724 716
724 789
724 901
725 13
725 51
725 54
725 162
725 177
725 204
725 212
725 307
725 437
725 630
725 633
725 637
725 816
725 841
725 846
725 914
725 915
726 20
726 35
726 72
726 90
726 212
726 228
726 294
726 515
726 574
726 804
727 219
727 342
727 569
727 585
727 598
727 612
727 632
727 637
727 685
727 714
727 824
727 889
728 159
728 179
728 196
728 511
728 560
728 586
728 630
728 979
729 109
729 195
729 245
729 317
729 318
729 368
729 428
729 464
729 524
729 677
729 697
729 716
729 836
729 857
729 894
730 113
730 205
730 285
730 377
730 492
730 745
730 800
730 822
730 849
730 998
731 100
731 103
731 238
731 488
731 775
731 940
732 10
732 67
732 283
732 375
732 388
732 475
732 481
732 488
732 506
732 607
732 656
732 811
732 945
733 1
733 61
733 165
733 275
733 306
733 407
733 443
733 599
733 711
734 86
734 88
734 191
734 246
734 524
734 659
734 679
734 684
734 767
734 982
735 73
735 87
735 228
735 237
735 428
735 484
735 498
735 594
735 675
735 701
735 749
735 753
735 758
735 765
735 975
736 75
736 335
736 386
736 980
736 1000
737 54
737 193
737 247
737 252
737 321
737 388
737 593
737 629
737 708
738 67
738 207
738 212
738 263
738 277
738 305
738 523
738 551
738 604
738 637
738 718
738 967
739 20
739 58
739 73
739 118
739 576
739 581
739 780
739 827
739 861
739 925
740 97
740 128
740 244
740 357
740 365
740 658
740 788
740 843
740 919
741 213
741 268
741 375
741 434
741 435
741 529
741 650
741 688
741 722
741 881
741 906
741 920
742 19
742 159
742 192
742 203
742 204
742 387
742 471
742 515
742 516
742 897
742 929
742 948
742 974
743 255
743 454
743 486
743 658
743 675
743 856
743 869
743 964
743 977
744 67
744 180
744 252
744 306
744 550
744 557
744 808
744 964
745 20
745 69
745 107
745 260
745 380
745 517
745 536
745 581
745 592
745 692
745 943
746 33
746 129
746 169
746 173
746 424
746 702
746 892
746 895
746 957
747 100
747 235
747 304
747 313
747 437
747 441
747 487
747 619
747 656
747 657
747 990
748 13
748 52
748 302
748 388
748 494
748 626
748 713
748 741
748 797
748 811
748 912
748 987
749 49
749 110
749 157
749 161
749 353
749 376
749 505
749 847
750 90
750 203
750 267
750 311
750 374
750 416
750 462
750 591
750 798
750 889
751 22
751 77
751 352
751 362
751 447
751 485
751 532
751 613
751 623
751 626
751 649
751 731
752 44
752 121
752 122
752 257
752 266
752 543
752 637
752 953
752 982
753 48
753 331
753 712
753 717
753 745
753 746
754 198
754 361
754 426
754 436
754 482
754 613
754 842
754 907
754 926
754 964
755 175
755 198
755 216
755 261
755 280
755 307
755 482
755 495
755 501
755 817
755 824
755 825
755 834
755 862
756 55
756 255
756 403
756 500
756 541
756 892
757 74
757 131
757 249
757 359
757 367
757 447
757 683
758 1
758 35
758 113
758 179
758 198
758 269
758 338
758 477
758 520
758 666
758 834
759 82
759 171
759 187
759 211
759 274
759 440
759 492
759 570
759 828
759 847
759 931
759 945
760 132
760 143
760 274
760 304
760 396
760 424
760 428
760 499
760 761
760 766
760 787
760 904
760 905
760 999
761 140
761 153
761 225
761 301
761 415
761 439
761 451
761 525
761 773
761 790
761 831
761 860
761 887
761 907
761 913
761 987
762 75
762 78
762 93
762 141
762 151
762 206
762 220
762 254
762 285
762 324
762 341
762 378
762 379
762 562
762 603
762 679
762 715
762 774
762 790
762 814
762 899
762 951
762 971
763 13
763 36
763 108
763 232
763 235
763 242
763 392
763 482
763 497
763 559
763 569
763 638
763 648
763 871
763 971
763 992
764 123
764 151
764 322
764 336
764 495
764 665
764 723
765 93
765 303
765 726
765 757
765 944
765 961
766 26
766 201
766 225
766 280
766 365
766 369
766 622
766 751
766 972
767 85
767 180
767 500
767 526
767 587
767 588
767 717
767 853
767 927
768 95
768 436
768 522
768 542
768 642
768 644
769 279
769 299
769 798
770 143
770 198
770 265
770 273
770 366
770 571
770 601
770 608
770 835
770 843
770 942
771 91
771 269
771 536
771 643
771 655
771 656
771 929
772 193
772 403
772 418
772 433
772 750
772 845
773 39
773 342
773 575
773 596
773 625
773 666
773 699
773 747
773 906
773 964
774 48
774 70
774 136
774 621
774 658
774 694
774 712
774 732
774 738
774 852
774 968
775 217
775 259
775 284
775 376
775 493
775 543
775 812
775 891
775 922
775 926
776 40
776 183
776 255
776 444
776 594
776 639
776 649
776 710
776 873
776 967
776 998
777 42
777 160
777 410
777 475
777 583
777 604
777 670
777 857
778 70
778 150
778 515
778 554
778 582
778 609
778 617
778 666
778 711
778 891
779 69
779 122
779 264
779 289
779 330
779 352
779 410
779 419
779 648
779 695
779 709
779 793
779 807
779 855
779 982
780 157
780 203
780 641
781 21
781 257
781 294
781 317
781 450
781 500
781 656
781 678
781 874
781 911
781 977
782 4
782 54
782 398
782 669
782 765
782 828
782 924
783 322
783 534
783 691
783 768
783 842
784 26
784 146
784 175
784 214
784 375
784 422
784 566
784 630
784 733
784 968
785 168
785 471
785 507
785 821
785 883
785 908
785 921
785 955
785 996
785 999
786 155
786 195
786 260
786 276
786 346
786 525
786 912
786 937
787 57
787 240
787 306
787 461
787 474
787 490
787 553
787 807
787 974
788 11
788 57
788 206
788 307
788 335
788 443
788 458
788 525
788 527
788 540
788 541
788 546
788 651
788 783
788 804
788 839
789 51
789 186
789 303
789 318
789 438
789 462
789 569
789 604
789 621
789 773
789 800
789 817
789 891
789 976
790 22
790 308
790 457
790 848
790 908
790 948
791 10
791 141
791 256
791 342
791 570
791 731
791 740
791 970
792 5
792 207
792 339
792 355
792 560
792 578
792 662
792 779
792 801
792 869
792 896
793 125
793 170
793 198
793 268
793 702
793 833
793 870
793 872
794 109
794 197
794 460
794 553
794 555
794 592
794 626
794 719
794 827
794 844
794 981
795 350
795 356
795 421
795 486
795 673
795 826
795 857
795 859
795 907
796 177
796 178
796 223
796 348
796 380
796 442
796 489
796 560
796 656
796 901
797 295
797 341
797 504
797 541
797 599
797 929
798 18
798 252
798 287
798 369
798 404
798 421
798 467
798 520
798 531
798 577
798 635
798 638
798 828
798 969
798 990
799 89
799 175
799 328
799 336
799 386
799 505
799 548
799 561
799 851
799 879
799 918
800 61
800 84
800 132
800 185
800 279
800 337
800 526
800 646
800 809
800 878
800 993
801 112
801 267
801 374
801 403
801 516
801 526
801 572
801 641
801 665
801 744
801 751
801 790
801 820
801 840
802 119
802 338
802 565
802 686
802 759
802 798
802 906
802 938
802 982
803 39
803 89
803 123
803 163
803 376
803 540
803 657
803 662
803 842
803 948
803 952
803 993
804 52
804 115
804 365
804 407
804 426
804 437
804 445
804 470
804 488
804 766
804 839
804 990
805 45
805 51
805 157
805 259
805 271
805 328
805 345
805 362
805 367
805 460
805 466
805 584
805 701
806 43
806 48
806 64
806 94
806 134
806 151
806 372
806 406
806 970
807 101
807 146
807 162
807 346
807 381
807 609
807 634
807 674
807 684
807 691
807 818
808 24
808 312
808 391
808 530
808 590
808 592
808 596
808 901
809 123
809 148
809 213
809 371
809 476
809 621
809 646
809 945
810 155
810 216
810 377
810 480
810 596
810 704
810 706
810 758
810 768
810 904
811 23
811 31
811 300
811 312
811 534
811 546
811 588
811 601
811 687
811 819
812 14
812 103
812 224
812 347
812 355
812 513
812 717
812 745
812 758
813 234
813 237
813 348
813 356
813 362
813 376
813 398
813 438
813 631
813 661
813 663
813 736
813 757
813 771
813 888
814 31
814 58
814 311
814 520
814 553
814 600
814 876
814 961
814 976
814 983
815 91
815 123
815 171
815 189
815 363
815 384
815 422
815 439
815 456
815 593
815 691
815 737
815 740
815 880
815 989
816 549
816 696
816 797
816 858
816 871
816 945
817 47
817 95
817 115
817 196
817 256
817 356
817 535
817 572
817 576
817 756
817 786
817 960
818 77
818 193
818 201
818 286
818 314
818 329
818 332
818 659
818 913
819 54
819 146
819 203
819 267
819 375
819 436
819 518
819 528
819 580
819 716
819 725
819 926
820 11
820 54
820 145
820 171
820 203
820 220
820 223
820 324
820 473
820 537
820 550
820 631
820 785
820 859
821 47
821 190
821 546
821 561
821 691
821 795
821 814
821 846
821 884
821 936
822 78
822 300
822 309
822 325
822 429
822 449
822 607
822 638
822 649
822 664
822 679
822 692
822 791
822 948
823 17
823 71
823 93
823 105
823 165
823 490
824 344
824 460
824 477
824 508
824 532
824 547
824 593
824 600
824 800
824 888
824 902
824 922
825 394
825 485
825 506
825 559
825 606
825 761
825 800
826 33
826 350
826 544
826 674
826 800
826 935
827 17
827 37
827 136
827 260
827 338
827 398
827 507
827 845
827 867
828 682
828 754
828 785
828 849
828 956
829 126
829 183
829 308
829 373
829 450
829 617
829 623
829 626
829 696
829 730
829 843
829 969
830 73
830 405
830 433
830 655
830 674
831 134
831 244
831 318
831 481
831 758
831 974
832 138
832 364
832 488
832 518
832 652
832 667
832 699
833 8
833 65
833 366
833 370
833 461
833 618
833 637
833 642
833 707
833 770
834 86
834 345
834 561
834 567
834 801
834 845
834 921
835 196
835 276
835 278
835 573
835 576
836 160
836 204
836 269
836 323
836 487
836 952
836 997
837 37
837 88
837 90
837 144
837 213
837 307
837 509
837 589
837 905
838 317
838 338
838 347
838 429
838 492
838 508
838 514
838 653
838 692
838 695
838 817
838 867
838 903
838 910
839 35
839 138
839 415
839 432
839 695
839 737
839 898
840 272
840 285
840 301
840 364
840 395
840 400
840 600
840 758
840 777
840 797
840 923
841 265
841 364
841 454
841 550
841 603
841 733
841 808
841 894
842 19
842 214
842 223
842 280
842 458
842 758
842 775
842 858
843 128
843 312
843 410
843 597
843 622
843 766
843 832
844 48
844 70
844 93
844 250
844 313
844 419
844 795
844 935
844 953
845 48
845 52
845 300
845 307
845 482
845 499
845 676
845 772
846 146
846 203
846 366
846 410
846 444
846 475
846 494
846 565
846 596
846 734
846 886
846 936
846 955
846 973
846 979
847 15
847 55
847 109
847 183
847 393
847 546
847 634
847 722
847 854
847 882
847 981
847 998
848 102
848 361
848 367
848 482
848 533
848 586
848 618
848 720
848 995
849 118
849 151
849 366
849 631
850 19
850 67
850 255
850 278
850 366
850 402
850 473
850 483
850 504
850 529
850 623
850 766
850 790
850 970
851 387
851 482
851 550
851 620
851 710
851 867
852 34
852 68
852 155
852 169
852 178
852 187
852 206
852 257
852 335
852 392
852 970
853 17
853 80
853 131
853 142
853 250
853 330
853 436
853 562
853 708
853 734
853 804
853 825
853 973
854 5
854 42
854 73
854 106
854 301
854 393
854 451
854 588
854 634
854 675
854 684
854 819
854 865
854 868
854 926
855 13
855 23
855 223
855 315
855 477
855 480
855 502
855 580
855 650
855 709
855 783
855 925
856 2
856 80
856 257
856 288
856 313
856 404
856 426
856 428
856 484
856 821
857 16
857 208
857 271
857 570
857 602
857 610
857 777
857 865
857 885
858 48
858 252
858 262
858 283
858 314
858 449
858 452
858 465
858 470
858 612
858 646
858 733
858 810
858 929
858 970
859 91
859 368
859 390
859 416
859 500
859 503
859 636
859 708
859 716
859 763
859 878
859 881
860 76
860 113
860 310
860 368
860 614
860 638
860 821
860 954
860 977
861 52
861 122
861 203
861 314
861 424
861 437
861 642
862 9
862 90
862 95
862 375
862 394
862 496
862 602
862 667
862 692
862 718
862 746
863 73
863 223
863 224
863 334
863 493
863 682
863 738
863 830
863 839
863 910
863 949
863 995
864 72
864 82
864 220
864 265
864 331
864 851
864 875
864 927
864 970
865 308
865 436
865 512
865 567
865 640
865 831
865 874
865 969
866 2
866 352
866 377
866 449
866 465
866 665
866 837
866 973
867 57
867 71
867 164
867 173
867 552
867 711
867 736
867 771
867 792
868 134
868 295
868 330
868 522
868 683
868 714
868 723
868 729
868 747
868 765
868 789
868 884
869 18
869 84
869 88
869 142
869 183
869 189
869 358
869 551
869 620
869 770
869 848
869 920
869 944
870 48
870 74
870 254
870 469
870 511
870 608
870 646
870 707
870 749
870 753
870 814
870 850
870 894
870 916
871 14
871 111
871 198
871 239
871 266
871 459
871 585
871 728
871 744
871 967
872 2
872 169
872 370
872 372
872 547
872 606
872 671
872 702
872 818
872 826
872 835
872 860
872 862
872 878
873 147
873 335
873 354
873 392
873 546
873 740
873 807
873 960
874 89
874 155
874 291
874 340
874 398
874 457
874 770
874 935
875 120
875 223
875 321
875 368
875 471
875 518
875 591
875 729
875 734
875 759
875 837
875 883
875 981
876 24
876 39
876 80
876 107
876 186
876 332
876 342
876 481
876 641
876 734
876 847
877 45
877 106
877 191
877 199
877 471
877 476
877 606
877 966
878 18
878 44
878 106
878 115
878 196
878 214
878 271
878 339
878 537
878 560
878 690
878 838
878 952
878 962
878 996
879 7
879 54
879 274
879 363
879 644
879 795
879 904
880 151
880 289
880 741
880 786
880 798
880 817
880 901
880 902
880 933
881 231
881 550
881 553
881 601
881 812
881 992
882 43
882 80
882 249
882 288
882 329
882 558
882 578
882 674
882 849
883 140
883 298
883 503
883 695
883 752
883 962
883 999
884 226
884 303
884 319
884 389
884 401
884 538
884 574
884 576
884 816
884 949
885 61
885 87
885 109
885 252
885 321
885 327
885 372
885 582
885 633
885 695
885 923
886 95
886 180
886 442
886 450
886 465
886 502
886 798
886 868
887 303
887 395
887 430
887 447
887 472
887 499
887 501
887 561
887 677
888 32
888 64
888 316
888 376
888 426
888 691
888 699
888 824
888 880
888 882
889 31
889 134
889 223
889 301
889 555
889 737
889 964
890 59
890 108
890 270
890 314
890 521
890 655
890 702
890 736
890 772
890 776
890 795
890 837
890 872
891 16
891 68
891 117
891 290
891 384
891 463
891 589
891 611
891 792
891 957
892 5
892 76
892 96
892 129
892 158
892 663
892 943
893 8
893 159
893 282
893 349
893 363
893 430
893 451
893 460
893 639
893 666
893 770
893 883
894 23
894 39
894 333
894 335
894 442
894 584
894 682
894 686
894 689
894 871
894 933
895 15
895 209
895 300
895 355
895 400
895 420
895 497
895 717
895 742
895 876
895 886
895 981
895 990
896 137
896 312
896 384
896 463
896 755
896 910
896 990
897 29
897 68
897 72
897 222
897 243
897 491
897 613
897 638
897 654
897 667
897 703
897 762
897 803
898 43
898 64
898 78
898 110
898 113
898 114
898 401
898 475
898 658
898 716
898 880
898 949
899 99
899 214
899 567
899 752
899 982
900 71
900 80
900 421
900 583
900 660
900 956
901 2
901 251
901 279
901 397
901 517
901 518
901 749
901 869
902 117
902 447
902 537
902 583
902 931
902 947
902 988
903 22
903 23
903 324
903 407
903 432
903 580
903 630
903 958
903 985
904 59
904 240
904 546
904 615
904 927
905 96
905 111
905 123
905 151
905 187
905 199
905 200
905 211
905 285
905 766
905 852
905 913
905 920
905 948
906 40
906 88
906 174
906 242
906 298
906 353
906 562
906 565
906 668
906 793
906 893
906 955
907 51
907 84
907 106
907 139
907 253
907 302
907 340
907 388
907 644
907 705
907 778
907 785
907 823
907 983
908 119
908 134
908 194
908 246
908 321
908 323
908 418
908 434
908 444
908 550
908 571
908 651
908 652
908 689
908 779
908 819
909 110
909 196
909 307
909 430
909 670
909 887
909 898
909 927
910 30
910 124
910 200
910 297
910 395
910 560
910 740
910 828
910 890
910 929
910 932
911 42
911 81
911 164
911 236
911 247
911 296
911 310
911 333
911 410
911 435
911 491
911 585
911 664
911 777
911 885
911 900
912 45
912 107
912 182
912 316
912 468
912 524
912 554
912 578
912 714
912 853
912 855
913 398
913 497
913 541
913 656
913 741
913 992
914 273
914 522
914 750
914 808
914 836
914 951
914 976
915 90
915 122
915 156
915 188
915 255
915 521
915 544
915 588
915 626
915 667
915 786
915 793
915 899
915 967
916 28
916 33
916 37
916 77
916 105
916 163
916 248
916 526
916 604
916 636
916 661
916 674
916 682
916 971
916 997
917 20
917 154
917 220
917 424
917 433
917 453
917 460
917 545
917 584
917 591
917 627
917 812
917 973
917 992
918 63
918 66
918 278
918 513
918 564
918 699
919 51
919 67
919 303
919 685
919 722
919 757
919 800
919 801
920 18
920 111
920 156
920 218
920 372
920 431
920 473
920 803
920 976
921 212
921 244
921 348
921 485
921 624
921 681
921 746
921 858
921 989
922 190
922 454
922 489
922 561
922 606
922 997
923 75
923 82
923 115
923 159
923 186
923 222
923 234
923 326
923 393
923 604
923 614
923 621
923 659
923 787
923 821
923 869
924 31
924 47
924 187
924 271
924 305
924 329
924 364
924 438
924 483
924 672
924 788
924 843
924 858
924 935
925 13
925 216
925 224
925 240
925 415
925 607
925 838
925 916
926 4
926 46
926 74
926 134
926 235
926 356
926 415
926 460
926 544
926 782
926 903
926 964
927 101
927 209
927 246
927 420
927 450
927 504
927 561
927 647
927 704
927 720
927 779
927 805
927 808
927 818
927 861
927 937
927 967
928 442
928 632
928 646
928 727
928 752
928 832
928 976
929 76
929 164
929 213
929 225
929 448
929 503
929 606
929 712
929 831
929 920
929 948
930 50
930 225
930 248
930 335
930 454
930 486
930 487
930 570
930 650
930 754
930 943
931 67
931 81
931 156
931 157
931 206
931 397
931 475
931 476
931 563
931 726
931 835
931 900
932 101
932 207
932 217
932 353
932 355
932 390
932 471
932 672
932 734
932 839
932 894
932 917
932 955
933 59
933 167
933 192
933 409
933 410
933 493
933 573
933 611
933 667
933 809
933 922
934 6
934 51
934 104
934 121
934 342
934 365
934 436
934 672
934 801
934 845
934 870
934 890
934 922
935 138
935 192
935 302
935 335
935 360
935 479
935 588
935 697
935 859
935 907
936 66
936 114
936 291
936 314
936 460
936 576
936 635
936 741
936 759
936 825
936 843
936 902
936 943
936 979
937 27
937 234
937 977
938 5
938 55
938 90
938 263
938 367
938 408
938 529
938 674
938 790
938 861
938 886
938 949
939 73
939 120
939 138
939 162
939 173
939 202
939 243
939 391
939 421
939 521
939 572
939 658
939 800
940 87
940 107
940 158
940 173
940 179
940 184
940 207
940 262
940 395
940 452
940 613
940 633
940 756
940 965
941 15
941 128
941 217
941 307
941 569
941 598
941 637
941 723
941 781
941 833
941 895
941 953
941 991
942 50
942 257
942 260
942 267
942 484
942 497
942 555
942 990
943 2
943 342
943 411
943 430
943 665
943 678
943 852
944 106
944 462
944 590
944 672
944 701
944 740
944 917
945 28
945 125
945 337
945 349
945 521
945 528
945 538
945 549
945 561
945 564
945 566
945 729
945 813
945 929
946 119
946 221
946 330
946 392
946 395
946 518
946 580
946 582
946 609
946 713
946 725
946 885
946 935
947 114
947 228
947 316
947 335
947 342
947 397
947 587
947 665
947 906
948 31
948 38
948 84
948 213
948 525
948 609
948 871
949 110
949 599
949 624
949 696
949 725
949 739
949 939
950 209
950 225
950 380
950 409
950 432
950 637
950 832
950 850
950 919
951 140
951 318
951 424
951 660
951 810
951 904
952 58
952 285
952 341
952 511
952 559
952 705
952 807
952 923
953 115
953 156
953 258
953 301
953 602
953 751
953 829
953 869
953 892
954 150
954 286
954 435
954 574
954 840
954 874
955 8
955 47
955 267
955 497
955 532
955 704
955 710
956 8
956 24
956 71
956 93
956 155
956 299
956 362
956 398
956 543
956 648
956 671
956 674
956 769
956 772
956 849
956 921
957 7
957 319
957 337
957 431
957 479
957 554
957 691
957 732
957 784
957 918
957 968
958 99
958 112
958 128
958 289
958 588
958 723
958 731
958 838
958 977
959 119
959 176
959 704
959 796
959 799
959 925
959 982
960 38
960 72
960 316
960 440
960 500
960 577
960 691
961 117
961 216
961 295
961 390
961 409
961 533
961 557
961 567
961 699
961 701
962 152
962 195
962 198
962 332
962 440
962 586
962 747
963 45
963 248
963 279
963 656
963 939
963 946
964 59
964 144
964 148
964 334
964 446
964 450
964 510
964 537
964 737
964 858
964 868
964 942
964 975
965 10
965 68
965 101
965 313
965 392
965 451
965 490
965 685
965 919
966 188
966 230
966 420
966 593
966 611
966 653
966 658
967 54
967 182
967 300
967 333
967 428
967 502
967 702
968 6
968 109
968 270
968 334
968 568
968 715
968 820
969 115
969 155
969 169
969 226
969 287
969 380
969 477
969 617
969 698
969 744
969 837
969 845
969 849
970 189
970 265
970 488
970 548
970 596
970 706
970 737
970 806
971 99
971 289
971 290
971 340
971 372
971 494
971 642
971 803
971 887
971 900
971 958
971 962
972 10
972 60
972 63
972 111
972 171
972 313
972 425
972 437
972 585
972 601
972 633
973 50
973 65
973 144
973 233
973 398
973 474
973 494
973 702
973 711
973 866
973 938
974 9
974 23
974 141
974 259
974 339
974 346
974 452
974 538
974 869
975 189
975 210
975 365
975 488
975 499
975 612
975 663
975 787
975 826
975 871
976 123
976 304
976 448
976 743
976 790
976 828
977 52
977 110
977 185
977 258
977 268
977 433
977 656
977 702
977 752
978 326
978 486
978 498
978 600
978 772
978 937
979 89
979 157
979 459
979 472
979 563
979 787
979 793
979 930
980 32
980 142
980 152
980 456
980 527
980 559
980 605
980 625
980 955
981 62
981 153
981 154
981 615
981 773
981 801
981 859
981 906
981 938
981 965
981 975
982 10
982 91
982 129
982 237
982 331
982 397
982 521
982 650
982 866
982 877
982 910
982 959
983 19
983 37
983 73
983 82
983 160
983 210
983 286
983 405
983 512
983 570
983 670
983 711
983 739
983 745
983 886
983 938
984 467
984 518
984 646
984 828
984 862
984 917
985 118
985 217
985 300
985 327
985 360
985 424
985 602
985 753
985 767
985 807
985 838
985 844
985 878
985 966
985 1000
986 29
986 198
986 238
986 484
986 764
986 784
986 786
987 56
987 63
987 79
987 143
987 387
987 588
987 607
987 904
988 21
988 122
988 178
988 373
988 394
988 463
988 514
988 716
988 948
989 364
989 389
989 469
989 514
989 556
989 612
989 687
989 762
989 958
990 15
990 60
990 89
990 193
990 229
990 289
990 318
990 358
990 644
990 761
990 773
990 926
991 171
991 433
991 506
991 507
991 550
991 568
991 660
991 687
991 781
991 820
991 862
991 896
991 925
991 981
992 47
992 226
992 282
992 580
992 588
993 72
993 287
993 304
993 390
993 418
993 450
993 529
993 642
993 873
994 111
994 138
994 143
994 595
994 729
994 861
994 1000
995 84
995 149
995 465
995 810
995 860
995 896
995 921
996 89
996 182
996 254
996 277
996 346
996 604
996 620
996 721
996 754
996 758
996 789
996 861
996 901
996 938
996 953
997 3
997 41
997 109
997 329
997 481
997 645
998 53
998 65
998 71
998 152
998 700
998 729
998 808
998 852
998 917
999 84
999 175
999 289
999 666
999 693
999 748
999 824
1000 319
1000 468
1000 567
1000 776
1000 832
1000 855
