1 174
1 868
2 82
2 326
2 505
2 964
4 11
4 146
4 882
5 315
5 316
6 391
6 403
6 566
6 699
6 794
7 83
7 88
7 182
7 273
7 563
8 21
8 55
8 89
8 103
8 104
8 112
8 132
8 136
8 141
8 176
8 185
8 236
8 247
8 258
8 259
8 335
8 339
8 350
8 368
8 448
8 450
8 502
8 560
8 597
8 627
8 651
8 712
8 713
8 714
8 757
8 776
8 788
8 813
8 856
8 910
8 933
8 944
8 945
8 964
8 976
9 134
9 176
9 234
9 548
9 570
9 656
9 696
9 782
9 823
9 927
10 95
10 97
10 139
10 152
10 154
10 163
10 214
10 226
10 288
10 313
10 320
10 321
10 360
10 369
10 409
10 462
10 495
10 621
10 637
10 728
10 746
10 799
10 854
10 889
10 911
10 991
11 36
11 414
11 440
11 616
11 728
11 958
12 21
12 75
12 107
12 110
12 122
12 190
12 226
12 248
12 251
12 267
12 335
12 367
12 379
12 394
12 450
12 562
12 586
12 628
12 682
12 687
12 696
12 734
12 735
12 746
12 747
12 785
12 801
12 802
12 825
12 886
12 892
12 951
12 985
13 34
13 122
13 129
13 265
13 292
13 299
13 338
13 401
13 428
13 449
13 518
13 610
13 624
13 664
13 685
13 787
13 861
14 20
15 867
16 46
16 74
16 126
16 127
16 224
16 235
16 246
16 255
16 295
16 354
16 497
16 741
16 745
16 842
16 872
16 965
17 453
17 882
18 891
20 369
20 430
21 99
21 105
21 116
21 129
21 177
21 230
21 257
21 288
21 341
21 346
21 358
21 361
21 385
21 397
21 400
21 407
21 410
21 429
21 440
21 467
21 501
21 553
21 685
21 699
21 728
21 804
21 808
21 868
21 871
21 914
22 114
22 625
23 954
24 1
24 129
24 185
24 282
24 507
24 748
24 800
25 226
25 502
25 538
25 769
25 954
26 986
27 4
27 20
27 36
27 86
27 169
27 235
27 246
27 248
27 452
27 502
27 613
27 647
27 677
27 692
27 708
27 826
27 844
27 882
27 884
27 905
27 972
27 986
28 14
29 217
29 297
29 515
29 551
29 784
30 157
30 539
30 803
32 58
32 96
33 11
33 32
33 50
33 66
33 95
33 105
33 151
33 186
33 235
33 467
33 487
33 498
33 529
33 613
33 632
33 658
33 711
33 726
33 728
33 791
33 860
33 863
33 924
33 953
34 276
36 656
36 767
36 874
36 911
36 994
37 11
37 129
37 512
37 556
37 606
37 653
37 795
37 841
37 852
38 86
38 162
38 587
39 795
40 136
40 535
40 686
40 797
40 882
40 891
40 894
40 937
40 990
41 207
41 266
41 361
41 399
41 473
41 480
41 484
41 773
41 789
41 843
41 928
43 233
43 459
43 759
43 935
44 176
44 206
44 214
44 242
44 249
44 259
44 322
44 344
44 416
44 449
44 494
44 539
44 576
44 676
44 691
44 698
45 173
45 238
45 536
45 550
45 647
46 256
46 271
46 492
46 592
46 960
47 3
47 74
47 91
47 656
47 726
50 148
50 166
50 204
50 248
50 406
50 418
50 459
50 483
50 491
50 512
50 635
50 801
50 820
50 863
50 883
50 929
50 946
50 997
51 207
51 491
51 666
51 867
51 876
51 968
52 102
53 189
53 211
53 342
53 343
53 734
53 785
53 793
53 813
53 827
54 249
54 790
54 838
55 121
55 184
55 264
55 306
55 314
55 512
55 952
56 43
56 135
56 139
56 150
56 152
56 192
56 233
56 271
56 278
56 337
56 346
56 367
56 380
56 467
56 479
56 492
56 494
56 505
56 507
56 596
56 639
56 688
56 778
56 805
56 883
56 896
56 901
56 909
56 976
57 3
57 7
57 9
57 19
57 38
57 40
57 50
57 68
57 79
57 87
57 105
57 114
57 115
57 120
57 139
57 148
57 154
57 174
57 216
57 217
57 257
57 309
57 386
57 387
57 415
57 420
57 454
57 467
57 475
57 489
57 499
57 521
57 542
57 546
57 584
57 674
57 712
57 803
57 828
57 855
57 918
57 919
57 953
57 958
57 979
57 980
57 992
58 11
58 29
58 168
58 257
58 277
58 368
58 397
58 408
58 530
58 567
58 587
58 608
58 684
58 789
58 799
58 906
58 968
59 8
59 184
59 337
59 454
59 463
59 788
60 194
60 437
60 921
61 7
61 53
61 185
61 209
61 372
61 401
61 550
61 552
61 575
61 587
61 601
61 698
61 736
61 888
61 959
62 102
62 116
62 148
62 301
62 414
62 439
62 575
62 652
62 909
62 932
62 945
63 16
63 111
63 147
63 232
63 249
63 266
63 375
63 404
63 435
63 437
63 444
63 642
63 644
63 671
63 757
63 878
63 902
63 968
64 47
64 111
64 112
64 159
64 290
64 499
64 513
64 534
64 572
64 661
64 873
65 171
65 186
65 269
65 343
65 345
65 525
65 644
65 966
66 25
66 70
66 165
66 234
66 250
66 264
66 320
66 377
66 420
66 475
66 591
66 598
66 609
66 642
66 662
66 737
66 756
66 778
66 801
66 808
66 925
66 976
67 335
67 869
67 973
68 193
68 362
68 440
68 534
68 701
68 741
68 902
69 3
69 148
69 279
69 290
69 373
69 381
69 617
69 660
69 673
69 853
69 947
70 3
70 13
70 32
70 35
70 90
70 195
70 272
70 309
70 342
70 371
70 415
70 435
70 451
70 456
70 472
70 533
70 542
70 650
70 665
70 666
70 714
70 730
70 767
70 796
70 805
70 812
70 862
71 9
71 69
71 81
71 143
71 238
71 242
71 320
71 343
71 391
71 522
71 539
71 615
71 667
71 679
71 680
71 697
71 836
71 988
72 9
72 32
72 68
72 80
72 92
72 166
72 322
72 437
72 496
72 744
72 748
72 820
72 992
72 994
73 205
73 704
74 647
74 790
75 748
75 937
75 983
76 30
76 205
76 277
76 310
76 321
76 380
76 421
76 440
76 662
76 767
76 940
76 953
76 969
76 995
77 36
77 45
77 65
77 104
77 111
77 113
77 158
77 178
77 227
77 239
77 284
77 300
77 319
77 324
77 327
77 380
77 399
77 417
77 461
77 491
77 582
77 586
77 612
77 644
77 670
77 707
77 713
77 725
77 988
78 9
78 83
78 164
78 210
78 318
78 422
78 431
78 444
78 476
78 488
78 577
78 677
78 698
78 723
78 735
78 814
78 907
78 978
78 982
79 45
79 114
79 325
79 378
79 484
79 509
79 621
79 652
79 733
79 778
79 879
79 959
79 960
80 19
80 124
80 454
80 489
80 757
80 768
81 86
81 212
81 474
81 517
81 563
81 710
81 743
81 811
82 55
82 527
82 712
83 52
83 74
84 8
84 103
84 161
84 167
84 302
84 328
84 377
84 383
84 384
84 411
84 423
84 563
84 603
84 684
85 128
85 369
85 540
85 616
85 642
85 823
85 885
86 6
86 109
86 208
86 359
86 523
86 681
86 799
88 330
89 258
89 946
90 92
90 784
90 976
91 16
91 396
91 500
91 774
91 895
92 207
92 343
92 691
92 965
93 252
93 610
94 107
94 201
94 302
94 317
94 328
94 340
94 361
94 362
94 382
94 517
94 520
94 591
94 598
94 653
94 658
94 697
94 704
94 767
94 770
94 794
94 840
94 843
94 849
94 877
94 905
94 938
95 269
95 757
95 766
95 774
95 789
96 53
96 105
96 123
96 226
96 228
96 266
96 277
96 312
96 358
96 380
96 434
96 483
96 528
96 542
96 552
96 641
96 707
96 888
96 923
96 968
97 48
97 51
97 88
97 99
97 103
97 121
97 144
97 185
97 197
97 338
97 470
97 558
97 563
97 573
97 604
97 609
97 654
97 656
97 690
97 732
97 739
97 828
97 922
97 957
98 91
98 183
98 188
98 240
98 298
98 400
98 559
98 576
98 629
98 678
98 699
98 705
98 777
98 974
99 345
99 424
99 720
99 793
99 841
100 112
100 203
100 263
100 274
100 590
100 669
100 699
100 741
100 790
100 792
100 861
101 92
101 237
101 250
101 356
101 401
101 437
101 484
101 503
101 560
101 642
101 676
101 712
101 771
101 809
101 842
102 53
102 392
102 811
103 99
103 100
103 149
103 220
103 345
103 378
103 440
103 567
103 591
103 894
103 911
103 952
104 217
104 452
104 498
104 882
104 971
105 27
105 98
105 669
105 893
105 910
106 75
106 350
106 434
106 485
106 508
106 538
106 755
106 824
106 827
106 932
107 594
107 623
108 89
108 121
108 167
108 335
108 402
108 442
108 462
108 528
108 550
108 677
108 777
108 801
108 817
109 11
109 108
109 146
109 176
109 238
109 419
109 444
109 453
109 505
109 525
109 565
109 577
109 588
109 595
109 625
109 742
109 774
109 884
109 915
110 25
110 72
110 122
110 144
110 339
110 461
110 497
110 594
110 680
110 758
110 966
111 737
112 373
112 454
113 176
113 292
114 27
114 40
114 234
114 241
114 262
114 312
114 600
114 618
114 726
114 824
114 836
114 861
114 966
116 297
116 541
116 710
116 771
117 177
117 268
117 274
117 297
117 347
117 492
117 633
117 700
117 758
117 938
118 77
118 122
118 146
118 154
118 185
118 234
118 246
118 327
118 405
118 421
118 537
118 560
118 717
118 768
118 789
118 804
118 862
118 896
118 912
118 947
119 244
120 28
120 94
120 239
120 276
120 278
120 328
120 341
120 344
120 355
120 377
120 390
120 505
120 521
120 536
120 643
120 691
120 708
120 924
120 933
120 943
120 955
121 15
121 26
121 89
121 94
121 116
121 151
121 175
121 187
121 271
121 274
121 356
121 371
121 414
121 430
121 495
121 499
121 522
121 531
121 611
121 645
122 76
122 200
122 311
122 366
122 386
122 429
122 473
122 499
122 515
122 519
122 579
122 689
122 930
124 46
124 85
124 137
124 222
124 234
124 390
124 420
124 451
124 516
124 560
124 575
124 577
124 583
124 874
124 998
125 401
125 506
125 732
125 797
125 875
126 14
126 290
126 857
127 43
127 80
128 1
128 161
128 270
128 278
128 307
128 419
128 779
129 367
129 376
129 570
129 587
129 605
129 695
129 818
129 979
130 22
130 24
130 36
130 63
130 96
130 143
130 255
130 420
130 469
130 491
130 546
130 596
130 612
130 661
130 675
130 686
130 897
130 980
131 95
131 454
131 460
131 832
131 918
132 52
132 90
132 107
132 114
132 212
132 230
132 266
132 270
132 302
132 308
132 320
132 329
132 465
132 481
132 713
132 785
132 789
132 852
132 872
132 949
132 957
133 37
133 349
133 577
133 847
133 875
133 896
134 22
134 243
134 274
134 321
134 372
134 437
134 449
134 461
134 498
134 557
134 571
134 584
134 597
134 612
134 631
134 652
134 738
134 743
134 829
134 989
135 39
135 65
135 91
135 105
135 115
135 130
135 162
135 235
135 264
135 308
135 313
135 360
135 382
135 392
135 402
135 510
135 523
135 534
135 554
135 604
135 605
135 628
135 639
135 646
135 671
135 673
135 699
135 708
135 713
135 724
135 726
135 733
135 749
135 778
135 803
135 807
135 817
135 821
135 826
135 856
135 872
135 894
135 897
135 912
135 922
135 932
135 956
135 994
136 13
136 127
136 145
136 158
136 163
136 164
136 196
136 238
136 271
136 437
136 501
136 509
136 578
136 588
136 598
136 636
136 665
136 696
136 744
136 745
136 746
136 777
136 839
136 842
136 900
136 950
137 25
137 198
137 715
137 810
138 13
138 251
138 515
138 571
138 591
138 656
138 779
138 889
138 981
139 742
141 50
141 73
141 124
141 184
141 208
141 249
141 331
141 361
141 434
141 531
141 537
141 616
141 772
141 802
141 854
142 260
142 387
142 860
142 924
143 31
143 121
143 254
143 327
143 476
143 560
143 561
143 671
143 853
143 917
144 30
144 31
144 86
144 139
144 212
144 462
144 803
144 805
145 502
145 525
145 530
145 976
147 88
147 621
147 984
148 58
148 99
148 151
148 165
148 291
148 468
148 478
148 591
148 594
148 631
148 710
148 719
148 725
148 747
148 811
148 814
148 841
148 846
148 857
148 899
148 943
148 996
150 48
150 151
150 153
150 204
150 247
150 318
150 430
150 463
150 471
150 504
150 509
150 534
150 688
150 767
151 84
151 105
151 187
151 216
151 414
151 437
151 461
151 503
151 508
151 540
151 614
151 761
151 783
151 862
151 868
151 874
151 914
151 932
151 967
152 1
152 24
152 48
152 148
152 183
152 186
152 193
152 196
152 297
152 318
152 354
152 413
152 531
152 539
152 548
152 582
152 618
152 621
152 656
152 705
152 804
152 865
152 866
152 873
152 880
152 892
152 970
152 974
153 34
153 352
154 11
154 310
154 505
154 561
155 6
155 63
155 168
155 343
155 625
155 639
155 675
155 787
155 823
155 885
155 953
155 981
155 996
156 44
156 99
156 258
156 328
156 390
156 704
156 729
156 756
156 793
156 923
156 968
156 972
157 3
157 14
157 62
157 76
157 83
157 100
157 110
157 122
157 150
157 241
157 247
157 285
157 291
157 312
157 325
157 376
157 435
157 444
157 472
157 498
157 502
157 507
157 510
157 515
157 521
157 527
157 529
157 534
157 535
157 544
157 568
157 577
157 633
157 644
157 662
157 663
157 672
157 691
157 713
157 720
157 744
157 750
157 760
157 772
157 779
157 784
157 811
157 813
157 816
157 855
157 872
157 878
157 930
157 972
157 977
158 619
158 729
159 295
159 413
159 605
160 4
160 248
160 772
163 98
163 116
163 129
163 131
163 171
163 228
163 268
163 334
163 417
163 437
163 460
163 467
163 515
163 587
163 601
163 697
163 832
166 1
166 44
166 67
166 77
166 103
166 133
166 186
166 192
166 240
166 252
166 270
166 361
166 388
166 496
166 532
166 558
166 576
166 631
166 632
166 731
166 811
166 869
166 952
167 5
167 7
167 135
167 193
167 213
167 228
167 250
167 282
167 515
167 607
167 617
167 678
167 791
167 809
167 828
167 876
167 943
168 3
168 43
168 154
168 176
168 194
168 209
168 210
168 231
168 245
168 259
168 264
168 280
168 288
168 318
168 323
168 328
168 338
168 478
168 482
168 526
168 560
168 635
168 639
168 656
168 672
168 686
168 695
168 749
168 759
168 771
168 779
168 823
168 834
168 876
168 986
168 993
169 142
169 147
169 433
169 913
170 274
170 726
170 971
171 864
172 6
172 136
172 194
172 226
172 260
172 272
172 335
172 381
172 397
172 431
172 477
172 523
172 601
172 651
172 666
172 812
172 822
172 922
172 941
172 985
172 999
173 53
173 202
173 212
173 483
173 541
173 672
175 10
175 906
176 146
176 181
176 263
176 291
176 320
176 422
176 424
176 576
176 601
176 709
176 722
176 831
176 865
176 933
177 176
177 425
177 578
178 274
178 379
178 947
179 19
179 40
179 81
179 217
179 225
179 287
179 294
179 408
179 507
179 560
179 574
179 608
179 652
179 685
179 721
179 815
179 875
179 892
181 612
182 8
182 14
182 26
182 42
182 52
182 87
182 92
182 147
182 267
182 293
182 307
182 427
182 433
182 452
182 461
182 479
182 503
182 510
182 515
182 518
182 552
182 604
182 614
182 622
182 640
182 648
182 688
182 695
182 718
182 739
182 764
182 807
182 822
182 866
182 876
182 880
183 179
184 45
184 71
184 96
184 110
184 391
184 425
184 458
184 496
184 510
184 519
184 544
184 614
184 628
184 696
184 702
184 712
184 780
184 806
184 850
185 67
185 77
185 102
185 195
185 207
185 269
185 275
185 528
185 760
186 67
186 106
186 139
186 175
186 223
186 234
186 253
186 459
186 547
186 588
186 678
186 693
186 704
186 752
186 786
186 805
186 917
186 964
186 965
186 999
187 627
187 646
187 725
187 869
189 1
189 32
189 44
189 86
189 90
189 116
189 160
189 170
189 171
189 191
189 198
189 213
189 263
189 283
189 291
189 344
189 371
189 381
189 392
189 414
189 437
189 461
189 474
189 494
189 516
189 537
189 571
189 602
189 605
189 663
189 673
189 680
189 705
189 709
189 716
189 722
189 769
189 773
189 778
189 839
189 862
189 870
189 919
189 968
189 969
189 981
190 25
190 62
190 67
190 167
190 249
190 253
190 327
190 363
190 376
190 438
190 629
190 671
190 735
190 786
190 860
191 52
191 329
191 342
191 416
191 597
191 688
191 767
192 104
192 281
192 388
192 521
192 600
193 148
193 641
193 661
194 523
194 646
194 723
194 879
195 26
195 28
195 30
195 36
195 47
195 70
195 86
195 88
195 103
195 108
195 150
195 191
195 215
195 322
195 334
195 380
195 384
195 439
195 467
195 493
195 506
195 531
195 539
195 558
195 594
195 622
195 633
195 637
195 700
195 701
195 762
195 799
195 854
195 864
195 872
195 899
195 913
195 930
195 934
195 953
195 956
195 966
195 976
195 986
196 104
198 40
198 49
198 65
198 77
198 136
198 156
198 237
198 265
198 453
198 505
198 519
198 533
198 596
198 613
198 645
198 882
198 916
198 922
198 962
198 966
199 43
199 59
199 365
199 369
199 394
199 411
199 452
199 454
199 471
199 521
199 578
199 616
199 670
199 734
199 748
199 841
199 863
199 970
200 41
200 52
200 262
200 363
200 412
200 570
200 629
200 790
200 805
200 816
200 865
200 866
200 958
201 22
201 27
201 64
201 92
201 104
201 160
201 202
201 370
201 387
201 389
201 408
201 411
201 452
201 457
201 502
201 514
201 519
201 565
201 576
201 583
201 595
201 599
201 615
201 625
201 630
201 636
201 644
201 651
201 723
201 803
201 841
201 843
201 845
201 847
201 849
201 880
201 920
201 922
201 958
201 967
201 981
201 982
202 331
202 776
202 863
202 926
204 44
204 624
205 4
205 89
205 110
205 166
205 192
205 264
205 284
205 337
205 401
205 422
205 442
205 467
205 474
205 492
205 499
205 580
205 586
205 588
205 747
205 761
205 795
205 858
205 922
205 940
205 969
207 57
207 69
207 99
207 134
207 320
207 379
207 552
207 583
207 668
207 692
207 859
207 875
208 7
208 44
208 79
208 298
208 358
208 408
208 434
208 630
208 663
208 763
209 210
209 253
209 256
209 468
209 564
209 727
209 883
209 961
210 13
210 51
210 138
210 190
210 197
210 296
210 316
210 327
210 439
210 450
210 532
210 628
210 707
210 712
210 721
210 728
210 731
210 894
210 945
210 961
210 989
211 142
211 273
211 393
211 428
211 609
211 836
212 141
212 261
213 30
213 124
213 195
213 283
213 367
213 447
213 461
213 548
213 786
213 790
213 848
213 937
215 154
215 275
215 291
215 440
215 496
216 26
216 58
216 66
216 67
216 156
216 208
216 236
216 283
216 316
216 330
216 374
216 381
216 384
216 420
216 429
216 430
216 481
216 536
216 540
216 595
216 637
216 639
216 662
216 710
216 742
216 772
216 910
216 928
217 82
217 118
217 225
217 249
217 324
217 404
217 417
217 460
217 688
217 697
217 824
217 834
217 847
217 863
218 19
218 202
218 264
218 282
218 288
218 368
218 379
218 429
218 459
218 472
218 608
218 734
218 762
218 882
218 897
218 906
218 962
218 984
219 220
220 42
221 3
221 87
221 89
221 94
221 207
221 269
221 288
221 295
221 309
221 341
221 390
221 391
221 436
221 459
221 567
221 604
221 628
221 666
221 669
221 681
221 687
221 697
221 702
221 729
221 923
221 975
222 80
222 135
222 160
222 226
222 490
222 557
222 563
222 651
222 652
222 724
222 727
222 743
222 815
222 817
222 829
222 854
222 857
222 865
222 959
222 968
222 997
223 23
223 338
223 473
223 992
224 44
224 61
224 122
224 161
224 220
224 291
224 316
224 370
224 375
224 528
224 734
224 752
224 772
224 793
224 912
224 962
224 990
224 996
225 30
225 100
225 133
225 143
225 181
225 469
225 608
225 664
225 763
226 45
226 92
226 99
226 134
226 241
226 320
226 323
226 327
226 330
226 349
226 418
226 529
226 619
226 624
226 647
226 648
226 758
226 793
226 794
226 858
226 879
226 916
226 931
227 449
227 501
227 950
228 19
228 230
229 97
229 133
229 134
229 575
229 608
229 678
229 685
229 752
229 985
230 552
231 267
231 855
232 55
232 95
232 148
232 164
232 394
232 447
232 515
232 528
232 630
232 668
232 688
232 746
232 924
232 997
233 31
233 475
233 493
233 666
234 18
234 221
234 230
234 394
234 400
234 491
234 597
234 730
234 742
234 774
235 70
235 202
235 208
235 303
235 305
235 320
235 322
235 330
235 359
235 411
235 465
235 643
235 682
235 701
235 710
235 725
235 809
235 825
235 834
235 863
235 865
235 985
235 1000
236 21
236 26
236 39
236 42
236 45
236 87
236 267
236 336
236 349
236 386
236 389
236 400
236 435
236 484
236 640
236 860
236 903
238 23
238 148
238 329
238 517
238 748
239 33
239 218
239 224
239 292
239 308
239 331
239 390
239 402
239 478
239 579
239 605
239 639
239 673
239 733
239 831
239 890
239 896
239 961
239 982
239 998
240 25
240 205
240 530
240 681
240 803
241 102
241 183
241 231
241 259
241 290
241 519
241 558
241 568
241 600
241 655
241 715
241 863
241 871
241 883
241 956
242 56
242 166
242 188
242 295
242 339
242 440
242 463
242 490
242 513
242 795
242 834
242 859
242 935
242 965
242 989
243 216
243 230
243 332
243 346
243 491
243 500
243 503
243 519
243 611
243 978
244 4
244 66
244 215
244 224
244 314
244 443
244 459
244 522
244 573
244 759
244 802
244 837
244 882
244 907
244 997
245 45
245 46
245 50
245 51
245 73
245 88
245 114
245 133
245 152
245 159
245 205
245 230
245 253
245 268
245 309
245 322
245 362
245 375
245 379
245 398
245 424
245 537
245 564
245 569
245 714
245 742
245 753
245 768
245 825
245 828
245 837
245 856
245 876
245 934
245 958
245 966
245 994
245 996
246 252
246 321
246 348
246 413
246 425
246 618
246 650
246 681
246 731
246 765
247 787
248 963
249 55
249 112
249 235
249 279
249 399
249 409
249 415
249 457
249 510
249 517
249 558
249 583
249 588
249 596
249 598
249 600
249 694
249 721
249 787
249 800
249 802
249 861
249 885
249 898
249 933
249 948
249 975
250 434
251 17
251 257
251 364
251 388
251 614
252 30
252 86
252 132
252 375
252 427
252 468
252 569
252 591
252 592
252 620
252 735
252 805
252 911
253 593
253 707
255 6
255 31
255 378
255 493
255 765
255 775
255 884
255 965
256 68
256 130
256 194
256 308
256 427
256 545
256 550
256 715
256 761
256 931
257 22
257 44
257 50
257 100
257 127
257 229
257 240
257 396
257 444
257 488
257 546
257 547
257 577
257 580
257 615
257 620
257 631
257 636
257 659
257 686
257 687
257 690
257 750
257 818
257 829
257 849
257 856
257 867
257 868
257 871
257 939
257 997
258 62
258 141
258 255
258 335
258 351
258 375
258 485
258 911
258 967
258 989
258 998
259 90
259 163
259 245
259 322
259 362
259 381
259 645
259 729
259 772
259 981
260 27
260 82
260 407
261 73
261 137
261 266
261 462
261 652
261 672
261 680
261 767
261 856
262 330
262 384
262 439
262 447
262 571
262 788
262 965
262 1000
263 16
263 154
263 361
263 369
263 399
263 409
263 498
263 607
263 691
264 801
265 139
265 325
265 601
265 647
265 665
265 691
265 780
265 942
266 100
266 132
266 157
266 273
266 391
266 405
266 406
266 488
266 495
266 546
266 747
266 791
267 25
267 273
267 321
267 363
267 515
267 516
267 542
267 584
267 613
267 679
267 729
267 771
267 811
267 869
268 4
268 263
268 388
268 457
268 575
268 674
268 779
268 800
269 8
269 25
269 27
269 54
269 144
269 182
269 183
269 191
269 198
269 213
269 215
269 259
269 270
269 279
269 311
269 399
269 409
269 541
269 548
269 554
269 569
269 580
269 646
269 648
269 649
269 685
269 686
269 946
269 1000
270 155
270 216
270 290
270 296
270 310
270 420
270 716
270 866
270 889
270 958
270 964
270 978
270 994
270 996
271 198
271 276
271 426
271 461
271 540
271 613
271 855
271 995
272 144
272 148
272 164
272 255
272 277
272 300
272 522
272 593
272 640
272 780
272 785
272 797
272 821
272 859
272 866
272 868
272 904
272 925
272 998
273 975
273 988
274 3
274 22
274 89
274 111
274 250
274 283
274 594
274 684
275 86
275 96
275 202
275 287
275 572
275 743
275 965
277 308
277 384
277 394
278 49
278 121
278 280
278 303
278 385
278 535
278 559
278 596
278 767
279 170
279 225
279 318
279 437
279 509
279 595
279 645
279 749
279 792
279 809
280 27
280 37
280 93
280 123
280 156
280 168
280 197
280 210
280 226
280 245
280 355
280 459
280 468
280 476
280 515
280 572
280 606
280 624
280 646
280 680
280 707
280 776
280 814
280 837
280 871
280 882
280 976
281 28
281 96
281 127
281 167
281 185
281 317
281 341
281 376
281 385
281 535
281 614
281 699
281 706
281 758
281 842
282 135
282 137
283 87
283 195
283 282
283 448
283 587
283 690
283 963
284 64
284 189
284 239
284 250
284 315
284 359
284 495
284 537
284 538
284 670
284 695
284 698
284 708
284 741
284 767
284 768
284 940
284 954
284 986
285 44
285 46
285 74
285 88
285 144
285 273
285 310
285 355
285 360
285 403
285 547
285 891
285 948
285 949
285 962
286 94
286 182
286 191
286 398
286 516
286 561
287 399
288 56
288 57
288 75
288 112
288 175
288 220
288 271
288 361
288 377
288 391
288 448
288 470
288 484
288 503
288 524
288 578
288 599
288 600
288 690
288 715
288 854
288 950
288 983
289 507
290 56
290 596
290 899
290 925
291 75
291 113
291 122
291 123
291 166
291 171
291 183
291 210
291 233
291 239
291 273
291 293
291 326
291 359
291 409
291 426
291 439
291 829
291 918
291 954
291 976
292 151
293 579
294 42
294 53
294 529
295 45
295 297
295 337
295 379
295 400
295 451
295 509
295 521
295 602
295 661
295 778
295 788
295 793
295 822
295 830
295 839
295 841
295 870
295 905
295 936
295 983
296 182
296 236
296 492
296 532
296 550
296 563
296 662
296 782
296 987
297 37
297 121
297 186
297 207
297 299
297 421
297 521
297 631
297 649
297 680
297 847
297 932
297 955
298 275
298 587
298 763
299 111
299 455
299 504
299 715
299 782
299 847
300 8
300 181
300 482
300 682
300 704
300 768
300 936
301 13
301 16
301 32
301 163
301 172
301 209
301 222
301 226
301 454
301 467
301 528
301 559
301 595
301 635
301 658
301 674
301 684
301 759
301 785
301 830
301 865
301 877
301 891
302 144
302 342
302 533
302 669
302 702
302 751
302 928
306 61
306 64
306 118
306 154
306 156
306 158
306 207
306 277
306 280
306 442
306 452
306 461
306 503
306 525
306 555
306 687
306 761
306 776
306 826
306 831
306 868
306 876
306 902
306 911
306 915
307 9
307 54
307 216
307 541
307 594
307 609
307 703
307 826
307 839
307 886
307 948
307 983
308 17
308 78
308 172
308 195
308 255
308 256
308 607
308 614
308 647
308 655
308 716
308 726
308 755
308 771
308 879
309 26
309 103
309 216
309 384
309 400
309 434
309 523
309 530
309 532
309 643
309 781
309 999
310 14
310 97
310 136
310 321
310 329
310 374
310 442
310 468
310 800
312 166
312 212
312 423
312 692
314 110
314 474
314 587
314 606
315 62
315 110
315 113
315 121
315 231
315 370
315 389
315 395
315 415
315 476
315 481
315 531
315 565
315 574
315 593
315 633
315 668
315 671
315 687
315 736
315 750
315 754
315 814
315 821
315 832
315 835
315 842
315 903
315 933
316 710
317 63
317 89
317 120
317 156
317 225
317 351
317 412
317 417
317 440
317 462
317 661
317 722
317 777
317 900
317 917
317 953
318 400
318 471
318 638
320 35
320 125
320 201
320 233
320 234
320 313
320 339
320 363
320 397
320 423
320 457
320 500
320 523
320 585
320 692
320 810
321 251
321 682
321 984
322 35
322 134
322 223
322 407
322 438
322 447
322 524
322 534
322 550
322 776
323 88
323 110
323 142
323 149
323 183
323 377
323 520
323 636
323 646
324 47
324 117
324 168
324 208
324 233
324 295
324 309
324 310
324 462
324 467
324 504
324 522
324 526
324 533
324 587
324 651
324 729
324 738
324 742
324 837
324 903
324 950
324 986
325 17
325 134
325 250
325 301
325 318
325 322
325 332
325 341
325 391
325 415
325 427
325 638
325 676
325 680
325 696
325 874
325 918
325 973
325 975
326 29
326 36
326 76
326 103
326 219
326 224
326 360
326 432
326 454
326 567
326 670
327 24
327 207
327 244
327 285
327 451
327 506
327 507
327 597
327 598
327 635
327 723
327 776
327 818
328 58
328 205
328 278
328 372
328 600
328 643
328 661
328 785
328 965
329 530
329 598
330 16
330 106
330 202
330 479
330 519
330 885
330 894
331 227
331 406
332 89
332 90
332 167
332 178
332 198
332 250
332 280
332 409
332 436
332 617
332 775
332 842
332 869
332 935
332 937
333 7
333 100
333 147
333 157
333 185
333 256
333 352
333 405
333 645
333 665
333 803
333 943
333 983
334 296
334 348
334 548
334 635
334 776
335 28
335 260
335 268
335 992
337 38
337 247
337 365
337 383
337 693
337 882
337 906
338 15
338 32
338 53
338 61
338 68
338 88
338 130
338 149
338 168
338 183
338 186
338 191
338 200
338 219
338 225
338 231
338 253
338 279
338 289
338 321
338 328
338 339
338 357
338 360
338 376
338 476
338 486
338 493
338 532
338 545
338 555
338 573
338 587
338 595
338 598
338 624
338 672
338 681
338 683
338 686
338 692
338 708
338 739
338 779
338 795
338 847
338 866
338 879
338 891
338 900
338 904
338 910
338 919
338 926
338 934
338 945
338 954
338 963
338 975
338 982
339 318
339 567
339 765
339 888
339 898
340 308
340 352
340 400
340 486
340 637
340 652
340 767
340 782
340 788
342 381
342 849
342 894
342 913
343 64
343 91
343 97
343 99
343 106
343 135
343 180
343 181
343 199
343 246
343 282
343 285
343 315
343 324
343 361
343 423
343 454
343 499
343 523
343 560
343 588
343 613
343 672
343 674
343 675
343 694
343 735
343 754
343 764
343 778
343 802
343 848
343 862
343 870
343 875
343 882
343 895
343 930
343 933
343 954
343 968
344 357
344 452
344 543
344 858
344 923
345 103
345 174
345 339
345 348
345 591
345 931
345 956
345 974
346 27
346 46
346 197
346 201
346 256
346 490
346 495
346 523
346 542
346 545
346 670
346 782
346 899
346 920
346 931
346 932
347 20
347 477
347 567
347 582
347 602
347 854
349 41
349 65
349 88
349 133
349 312
349 624
349 627
349 655
349 660
349 665
349 851
349 858
350 107
350 300
350 404
350 424
350 505
350 534
350 597
350 710
350 713
350 839
350 958
351 137
351 168
351 203
351 221
351 231
351 264
351 299
351 364
351 385
351 504
351 564
351 820
351 864
351 922
351 974
352 94
352 144
352 451
352 703
352 805
352 951
354 111
354 148
354 154
354 208
354 235
354 306
354 320
354 357
354 502
354 549
354 806
355 617
355 724
355 830
356 9
356 56
356 96
356 100
356 302
356 395
356 398
356 475
356 582
356 640
356 648
356 765
356 822
356 939
356 966
356 1000
357 83
357 344
357 519
357 541
357 544
357 668
357 672
357 712
357 749
357 840
357 895
357 948
357 993
358 209
359 156
359 626
360 113
360 184
360 511
360 734
360 904
360 992
361 81
361 182
361 557
361 868
361 988
362 61
362 435
362 481
362 703
362 779
362 792
363 55
363 145
363 496
363 650
363 655
363 755
363 816
363 973
364 4
364 51
364 164
364 170
364 318
364 370
364 427
364 538
364 598
364 776
364 777
364 824
364 908
364 961
364 962
365 64
365 134
365 143
365 175
365 441
365 738
365 811
365 935
366 69
366 121
366 130
366 275
366 425
366 601
366 638
366 695
366 716
366 922
366 951
367 240
367 326
367 608
367 681
368 92
368 103
368 110
368 136
368 207
368 221
368 255
368 329
368 347
368 365
368 469
368 500
368 505
368 575
368 641
368 653
368 677
368 703
368 792
368 801
368 803
368 830
368 844
368 879
368 921
368 983
368 993
369 420
369 475
369 599
369 675
369 772
369 794
369 922
369 925
369 977
370 71
370 164
370 308
370 368
370 570
370 595
370 927
370 929
371 64
371 89
371 138
371 164
371 197
371 325
371 419
371 494
371 523
371 545
371 562
371 654
371 655
371 664
371 823
371 826
371 865
371 884
371 970
371 988
372 82
373 69
373 230
373 235
373 250
373 511
373 616
373 693
373 702
373 890
374 7
374 78
374 82
374 149
374 233
374 313
374 372
374 388
374 413
374 426
374 430
374 445
374 464
374 468
374 517
374 522
374 532
374 604
374 647
374 653
374 655
374 689
374 745
374 896
375 212
375 294
375 312
375 386
375 401
375 466
375 496
375 537
375 643
375 748
375 996
376 288
376 852
377 224
377 257
377 259
377 282
377 287
377 300
377 334
377 398
377 554
377 610
377 739
377 861
377 880
377 970
377 995
377 998
378 106
378 201
378 611
378 711
379 55
379 179
379 194
379 381
379 420
379 578
379 583
379 665
379 695
379 699
379 711
379 992
381 108
381 129
381 159
381 196
381 198
381 376
381 425
381 492
381 557
381 732
381 839
381 848
381 891
381 970
383 22
383 99
383 118
383 125
383 152
383 254
383 413
383 446
383 496
383 582
383 611
383 647
383 700
383 741
383 755
383 830
383 867
383 904
383 906
383 928
383 966
384 213
384 416
385 654
386 1
386 26
386 28
386 50
386 54
386 103
386 113
386 166
386 176
386 180
386 248
386 333
386 373
386 391
386 433
386 447
386 534
386 592
386 648
386 669
386 673
386 695
386 755
386 766
386 767
386 809
386 835
386 838
386 858
386 876
386 883
386 923
386 926
386 938
387 9
387 36
387 74
387 143
387 220
387 267
387 269
387 314
387 349
387 351
387 374
387 393
387 451
387 465
387 476
387 481
387 502
387 523
387 533
387 557
387 577
387 589
387 610
387 635
387 640
387 652
387 689
387 818
387 900
387 906
387 948
388 28
388 46
388 73
388 210
388 232
388 259
388 389
388 620
388 843
388 873
388 971
389 129
389 142
389 178
389 368
389 565
389 678
389 776
389 796
389 830
389 868
389 985
390 287
390 791
390 849
390 913
391 113
391 143
391 264
391 301
391 307
391 311
391 345
391 386
391 562
391 567
391 590
391 736
392 57
392 59
392 76
392 358
392 536
392 737
392 908
392 983
393 61
393 146
393 152
393 212
393 289
393 443
393 462
393 483
393 574
393 716
393 750
393 796
393 842
394 51
394 179
394 186
394 251
394 436
394 606
394 624
394 656
394 794
394 908
394 957
395 250
395 615
395 975
396 61
396 127
396 187
396 189
396 224
396 228
396 236
396 261
396 324
396 399
396 492
396 533
396 554
396 597
396 613
396 630
396 721
396 898
398 109
398 111
398 113
398 275
398 284
398 289
398 365
398 380
398 490
398 607
398 640
398 736
398 798
398 886
398 909
398 913
398 988
398 999
399 95
399 274
399 552
399 592
399 642
399 807
400 139
400 602
400 651
401 105
401 216
401 265
401 558
401 665
401 670
401 784
402 271
402 301
402 322
402 373
402 454
402 479
402 529
402 867
402 870
403 59
403 150
403 223
403 307
403 441
403 566
403 738
403 750
403 767
403 775
403 853
404 577
404 913
406 187
406 562
407 415
407 750
408 230
408 898
409 33
409 42
409 43
409 122
409 178
409 188
409 224
409 226
409 238
409 273
409 345
409 348
409 459
409 511
409 521
409 534
409 535
409 556
409 571
409 575
409 656
409 672
409 680
409 683
409 686
409 687
409 690
409 757
409 815
409 837
409 863
409 877
409 879
409 896
409 910
409 919
410 17
410 136
410 151
410 243
410 374
410 462
410 592
410 593
410 604
410 947
411 251
411 460
411 714
413 400
413 401
413 842
413 950
414 718
414 814
414 856
415 171
415 179
415 236
415 274
415 331
415 359
415 368
415 429
415 453
415 475
415 557
415 562
415 690
415 703
415 707
415 711
415 789
415 841
415 874
415 927
415 933
415 935
416 94
416 143
416 292
416 620
416 669
417 113
417 181
417 224
417 251
417 322
417 492
417 528
417 588
417 734
417 864
418 547
418 563
418 578
418 866
418 997
419 17
419 45
419 50
419 68
419 76
419 111
419 123
419 126
419 135
419 139
419 195
419 199
419 206
419 207
419 215
419 230
419 250
419 259
419 265
419 440
419 441
419 451
419 454
419 499
419 503
419 538
419 544
419 562
419 572
419 616
419 658
419 742
419 774
419 779
419 780
419 787
419 792
419 858
419 873
419 903
419 911
419 927
419 958
419 960
419 964
420 7
420 34
420 101
420 102
420 178
420 214
420 325
420 586
420 589
420 614
420 634
420 693
420 850
420 868
420 991
422 1
422 8
422 110
422 356
422 396
422 423
422 434
422 436
422 514
422 559
422 641
422 713
422 732
422 735
422 778
422 956
423 196
423 302
423 387
424 56
424 167
424 273
424 316
424 480
424 531
424 544
424 548
424 560
424 754
424 852
424 909
425 160
425 185
425 324
425 419
425 707
425 843
425 892
425 983
427 249
427 402
427 578
427 583
427 673
427 695
427 730
427 764
427 804
428 186
428 371
428 661
428 844
428 980
429 8
429 55
429 114
429 121
429 132
429 145
429 150
429 166
429 233
429 239
429 385
429 448
429 512
429 527
429 612
429 619
429 668
429 699
429 714
429 715
429 755
429 809
429 814
429 930
429 975
430 51
430 67
430 259
430 267
430 299
430 309
430 316
430 398
430 495
430 558
430 601
430 625
430 671
430 765
430 798
430 833
430 868
430 898
430 915
430 932
431 14
431 33
431 143
431 224
431 264
431 273
431 319
431 351
431 365
431 436
431 496
431 557
431 776
431 820
431 838
431 860
431 878
431 930
431 938
431 984
432 65
432 72
432 91
432 135
432 136
432 142
432 150
432 170
432 264
432 290
432 305
432 320
432 322
432 324
432 329
432 341
432 358
432 391
432 393
432 462
432 509
432 518
432 521
432 552
432 562
432 584
432 586
432 604
432 646
432 668
432 672
432 675
432 703
432 717
432 722
432 740
432 753
432 764
432 813
432 852
432 878
432 938
432 957
432 968
432 976
432 977
432 998
433 74
433 396
434 52
434 56
434 181
434 190
434 253
434 312
434 351
434 380
434 394
434 424
434 470
434 495
434 509
434 518
434 549
434 555
434 577
434 587
434 673
434 697
434 699
434 748
434 753
434 783
434 831
434 853
434 854
434 864
434 898
434 913
434 924
434 968
434 973
435 187
435 227
435 263
435 269
435 272
435 301
435 306
435 340
435 359
435 362
435 370
435 409
435 428
435 471
435 587
435 624
435 631
435 694
435 764
435 766
435 767
435 769
435 801
435 864
435 928
435 961
435 968
436 119
436 302
436 409
436 695
436 705
436 755
438 65
438 106
438 133
438 142
438 259
438 284
438 337
438 451
438 572
438 630
438 728
438 998
440 15
440 41
440 728
441 52
441 80
441 166
441 287
441 289
441 357
441 596
441 668
441 726
441 801
441 811
441 981
442 125
442 142
442 159
442 164
442 205
442 213
442 244
442 366
442 590
442 599
442 641
442 684
442 694
442 730
442 763
442 840
442 847
443 142
443 288
443 725
443 738
444 88
444 471
444 593
444 877
444 969
445 63
445 182
445 205
445 226
445 247
445 257
445 271
445 545
445 755
445 887
445 934
446 54
446 95
446 119
446 157
446 162
446 179
446 221
446 301
446 392
446 416
446 437
446 443
446 494
446 496
446 502
446 578
446 622
446 666
446 768
446 794
446 844
446 910
447 47
447 71
447 96
447 173
447 177
447 181
447 186
447 231
447 252
447 256
447 311
447 330
447 340
447 372
447 394
447 413
447 462
447 467
447 499
447 508
447 517
447 625
447 649
447 670
447 673
447 677
447 737
447 765
447 766
447 775
447 811
447 824
447 857
447 888
447 925
447 935
447 980
447 987
447 998
448 18
448 61
448 117
448 260
448 480
448 510
448 577
448 732
448 744
448 776
448 807
448 838
448 932
449 189
449 322
449 332
449 413
449 517
449 543
450 2
450 27
450 63
450 77
450 134
450 259
450 319
450 486
450 506
450 542
450 648
450 725
450 778
450 780
450 830
450 881
450 886
450 916
451 5
451 64
451 79
451 181
451 254
451 333
451 356
451 372
451 373
451 380
451 384
451 392
451 401
451 461
451 521
451 547
451 548
451 572
451 607
451 624
451 629
451 638
451 694
451 751
451 753
451 808
451 815
451 859
451 872
451 901
451 992
451 999
452 258
452 294
452 324
452 474
452 524
452 625
452 642
452 908
452 913
452 956
452 974
452 975
454 311
454 900
455 31
455 94
455 144
455 145
455 152
455 156
455 165
455 197
455 230
455 241
455 269
455 337
455 375
455 389
455 438
455 442
455 450
455 463
455 483
455 488
455 574
455 586
455 603
455 604
455 671
455 681
455 748
455 768
455 772
455 787
455 801
455 839
455 883
455 884
455 888
455 912
455 913
455 939
455 986
456 299
457 17
457 23
457 107
457 143
457 144
457 167
457 295
457 302
457 372
457 384
457 394
457 424
457 454
457 455
457 467
457 484
457 494
457 500
457 514
457 526
457 542
457 564
457 609
457 661
457 674
457 682
457 687
457 705
457 718
457 755
457 760
457 800
457 853
457 882
457 892
457 914
457 932
457 940
457 984
457 996
459 10
459 15
459 137
459 172
459 284
459 369
459 442
459 448
459 530
459 610
459 669
459 671
459 727
459 740
459 804
459 817
459 968
459 990
461 464
461 623
461 684
461 749
461 990
462 352
462 557
463 38
463 139
463 161
463 253
463 282
463 340
463 359
463 380
463 452
463 454
463 481
463 504
463 516
463 546
463 600
463 615
463 805
463 834
463 852
463 922
463 967
464 63
464 103
464 219
464 331
464 338
464 409
464 410
464 493
464 508
464 521
464 559
464 584
464 595
464 682
464 718
464 721
464 765
464 791
464 802
464 869
464 874
464 972
465 214
465 251
465 268
465 270
465 332
465 387
465 399
465 509
465 562
465 586
465 622
465 633
465 648
465 657
465 761
465 805
465 816
465 851
465 979
465 987
467 556
468 121
468 174
468 302
468 373
468 382
468 410
468 415
468 544
468 743
468 784
468 819
468 840
470 198
471 342
471 722
471 972
472 79
472 128
472 197
472 243
472 273
472 454
472 465
472 545
472 707
472 977
472 992
473 133
473 295
473 330
473 480
473 622
473 640
475 44
475 196
475 238
475 290
475 421
475 578
475 584
475 598
475 699
475 796
475 886
476 17
476 135
476 137
476 239
476 337
476 452
476 455
476 536
476 560
476 696
476 717
476 765
476 793
476 816
476 851
477 421
477 440
477 596
478 65
478 73
478 93
478 234
478 394
478 405
478 543
478 611
478 804
478 942
479 283
479 368
479 708
479 873
480 523
480 786
480 894
481 16
481 25
481 72
481 86
481 142
481 247
481 251
481 269
481 306
481 350
481 374
481 429
481 447
481 485
481 502
481 548
481 552
481 595
481 641
481 654
481 660
481 690
481 772
481 787
481 825
481 857
481 990
482 101
482 177
482 206
482 219
482 230
482 266
482 325
482 358
482 394
482 428
482 567
482 569
482 598
482 704
482 709
482 721
482 773
482 844
482 894
482 926
482 978
483 581
483 594
483 809
484 278
484 556
484 906
485 5
485 109
485 191
485 272
485 303
485 328
485 468
485 553
485 624
485 741
485 847
485 963
486 513
486 981
487 234
488 6
488 23
488 67
488 114
488 143
488 167
488 206
488 213
488 267
488 279
488 326
488 534
488 592
488 608
488 680
488 810
488 821
488 935
488 948
491 32
491 63
491 458
491 654
491 902
491 909
492 82
492 230
492 244
492 246
492 271
492 574
492 606
492 769
492 838
492 865
492 952
493 67
493 129
493 177
493 520
493 555
493 625
493 923
493 950
494 465
494 970
495 12
495 15
495 19
495 38
495 60
495 101
495 167
495 171
495 176
495 187
495 190
495 249
495 268
495 276
495 289
495 343
495 344
495 384
495 414
495 431
495 441
495 457
495 489
495 513
495 516
495 578
495 597
495 666
495 697
495 703
495 737
495 788
495 800
495 811
495 822
495 847
495 890
495 897
495 935
495 947
495 952
495 965
495 977
495 998
495 999
496 499
496 832
497 194
497 237
497 376
497 451
497 561
497 613
497 647
497 726
497 744
497 871
497 966
498 4
498 66
498 94
498 108
498 142
498 148
498 157
498 199
498 227
498 262
498 349
498 411
498 473
498 491
498 495
498 637
498 686
498 719
498 765
498 805
498 827
498 898
498 921
499 102
499 108
499 141
499 170
499 209
499 234
499 286
499 289
499 319
499 320
499 380
499 409
499 411
499 447
499 452
499 491
499 535
499 547
499 551
499 557
499 587
499 592
499 594
499 607
499 688
499 713
499 743
499 782
499 796
499 809
499 835
499 867
499 906
499 932
499 965
499 991
500 181
500 250
500 279
500 342
500 438
500 581
500 817
500 987
501 8
501 44
501 257
501 298
501 581
501 602
501 783
501 912
502 18
502 42
502 276
502 754
503 179
503 354
503 552
503 742
503 759
503 825
503 857
503 864
503 942
504 142
504 206
504 463
504 465
504 659
504 957
505 51
505 84
505 320
505 909
505 998
506 56
506 120
506 335
506 429
506 471
506 489
506 510
506 552
506 779
506 782
506 832
506 984
508 73
508 117
508 173
508 403
508 439
508 808
508 833
509 31
509 68
509 231
509 315
509 373
509 456
509 466
509 531
509 586
509 591
509 639
509 837
509 842
509 854
509 872
509 881
509 931
509 984
510 298
510 339
510 361
510 506
510 528
510 602
510 623
510 627
510 712
510 762
510 818
510 880
511 59
511 61
511 585
511 842
513 5
513 47
513 137
513 156
513 194
513 236
513 315
513 367
513 406
513 408
513 425
513 550
513 559
513 577
513 619
513 667
513 677
513 717
513 771
513 874
513 880
513 942
514 35
514 117
514 288
514 323
514 446
514 465
514 503
514 543
514 699
514 913
514 988
515 25
515 35
515 107
515 110
515 118
515 153
515 179
515 194
515 196
515 254
515 320
515 366
515 388
515 392
515 406
515 407
515 501
515 506
515 574
515 587
515 596
515 653
515 671
515 683
515 756
515 762
515 815
515 817
515 865
515 888
515 898
515 899
515 935
515 941
515 961
516 24
516 41
516 68
516 146
516 228
516 285
516 402
516 652
516 824
516 844
516 947
517 8
517 62
517 154
517 375
517 385
517 386
517 625
517 626
517 640
517 826
517 855
517 942
517 969
518 66
518 403
518 533
518 791
518 807
518 837
518 910
519 49
519 82
520 41
520 153
520 227
520 470
520 595
520 753
521 34
521 376
521 380
521 618
521 700
521 740
521 955
522 116
522 225
522 642
523 126
523 164
523 207
523 214
523 226
523 281
523 324
523 490
523 506
523 521
523 544
523 557
523 571
523 602
523 642
523 646
523 650
523 669
523 765
523 875
523 892
523 899
523 947
523 984
523 985
524 487
525 299
526 329
526 698
526 924
527 83
527 127
527 489
527 625
527 662
527 771
527 866
527 907
528 57
528 145
528 154
528 167
528 271
528 327
528 333
528 390
528 419
528 442
528 667
528 765
528 876
528 903
528 966
528 991
529 653
530 11
530 120
530 133
530 156
530 180
530 185
530 190
530 205
530 240
530 271
530 324
530 378
530 401
530 425
530 480
530 574
530 609
530 631
530 634
530 651
530 720
530 732
530 748
530 780
530 807
530 885
530 912
530 919
530 930
530 984
531 5
531 60
531 183
531 388
531 627
531 657
531 669
531 712
531 719
531 722
531 808
531 825
531 862
531 990
532 535
533 22
533 282
533 338
533 381
533 503
533 662
533 720
533 770
533 776
533 866
533 939
533 961
534 723
535 14
535 128
535 191
535 261
535 302
535 304
535 517
535 585
535 637
535 640
535 663
535 683
535 794
535 876
536 6
536 20
536 76
536 210
536 462
536 638
536 717
536 737
536 904
537 52
537 111
537 192
537 339
537 517
537 808
537 844
537 852
538 171
538 920
539 10
539 105
539 638
539 783
539 825
539 927
539 951
539 968
539 998
540 58
540 240
540 264
540 533
541 319
541 392
541 744
543 58
543 75
543 83
543 323
543 332
543 384
543 455
543 547
543 564
543 958
545 25
545 45
545 67
545 91
545 111
545 116
545 120
545 160
545 175
545 373
545 450
545 456
545 464
545 488
545 497
545 705
545 707
545 784
545 813
545 862
545 885
545 886
545 933
546 762
547 87
547 282
547 353
547 377
547 406
547 440
547 525
547 759
547 869
548 7
548 77
548 98
548 246
548 344
548 373
548 424
548 474
548 534
548 540
548 561
548 618
548 948
548 973
548 986
548 993
549 36
549 109
549 152
549 186
549 243
549 411
549 504
549 562
549 597
549 675
549 887
551 175
551 223
551 231
551 250
551 262
551 288
551 419
551 493
551 560
551 849
551 906
551 990
552 647
553 64
554 17
554 33
554 34
554 57
554 83
554 86
554 140
554 149
554 356
554 365
554 429
554 444
554 739
554 831
554 922
555 62
555 183
555 187
555 197
555 271
555 355
555 620
555 624
555 766
556 472
556 858
557 202
557 880
557 901
557 904
558 42
558 117
558 118
558 119
558 131
558 150
558 164
558 197
558 231
558 242
558 244
558 259
558 280
558 431
558 496
558 530
558 535
558 575
558 596
558 624
558 627
558 678
558 693
558 697
558 733
558 775
558 809
558 837
558 883
558 901
558 903
558 976
559 162
559 359
560 131
560 137
560 238
560 534
560 593
560 602
560 642
560 665
560 688
560 801
560 912
560 993
560 994
561 51
561 72
561 96
561 721
561 769
561 999
562 231
562 331
562 485
562 508
562 568
562 597
562 634
562 775
562 874
562 974
562 978
563 68
563 305
563 336
563 599
563 611
563 689
563 696
564 50
564 100
564 297
565 458
565 657
565 826
565 913
565 952
566 24
566 82
566 114
566 139
566 146
566 169
566 265
566 267
566 290
566 338
566 394
566 409
566 459
566 482
566 502
566 518
566 546
566 565
566 611
566 669
566 678
566 702
566 712
566 713
566 730
566 765
566 791
566 824
566 830
566 843
566 870
566 918
566 993
566 994
567 46
567 109
567 177
567 301
567 322
567 407
567 408
567 472
567 513
567 599
567 627
567 641
567 728
567 747
567 790
567 824
567 827
567 861
567 947
568 25
568 26
568 28
568 55
568 63
568 108
568 141
568 177
568 238
568 280
568 322
568 332
568 353
568 356
568 361
568 363
568 382
568 387
568 398
568 404
568 413
568 421
568 451
568 454
568 460
568 473
568 487
568 518
568 549
568 586
568 595
568 604
568 624
568 642
568 678
568 683
568 684
568 700
568 702
568 719
568 735
568 737
568 745
568 772
568 778
568 782
568 817
568 820
568 829
568 842
568 843
568 880
568 895
568 910
568 919
568 928
568 934
568 972
569 323
570 13
570 31
570 34
570 204
570 244
570 269
570 315
570 388
570 415
570 430
570 465
570 521
570 524
570 666
570 792
570 803
570 882
570 894
570 944
570 972
571 475
571 794
572 66
572 166
572 183
572 214
572 282
572 283
572 291
572 347
572 363
572 365
572 388
572 397
572 423
572 433
572 435
572 436
572 445
572 449
572 477
572 501
572 518
572 594
572 671
572 674
572 747
572 753
572 774
572 807
572 839
572 852
572 881
572 892
572 910
572 918
572 958
572 998
573 73
573 75
573 100
573 113
573 193
573 286
573 494
573 556
573 674
573 959
574 38
574 113
574 336
574 654
574 820
574 904
574 910
574 952
575 938
576 125
576 182
576 192
576 255
576 284
576 287
576 308
576 334
576 341
576 358
576 411
576 440
576 442
576 472
576 489
576 518
576 547
576 563
576 581
576 585
576 675
576 692
576 776
576 779
576 807
576 821
576 854
576 904
577 500
578 145
578 147
578 580
578 896
579 28
579 425
580 54
580 131
580 145
580 217
580 250
580 252
580 303
580 328
580 407
580 556
580 565
580 689
580 762
580 822
580 831
580 834
580 868
580 886
581 970
582 124
582 373
582 493
582 702
582 893
583 185
583 371
583 676
583 688
584 245
584 985
585 843
586 162
586 418
586 494
586 602
586 702
586 782
586 969
587 103
587 128
587 210
587 350
587 407
587 945
588 76
588 90
588 102
588 125
588 269
588 350
588 379
588 391
588 405
588 409
588 518
588 608
588 676
588 685
588 718
588 738
588 787
588 829
588 866
588 882
588 958
589 105
589 116
589 636
589 712
589 784
589 800
589 920
590 16
590 47
590 75
590 83
590 189
590 197
590 304
590 319
590 353
590 372
590 449
590 568
590 589
590 755
590 790
591 489
592 44
592 48
592 101
592 131
592 135
592 230
592 304
592 377
592 414
592 429
592 439
592 470
592 541
592 553
592 563
592 590
592 657
592 661
592 841
592 847
592 848
592 853
592 857
592 888
592 925
593 210
593 615
593 622
594 52
594 197
594 200
594 306
594 342
594 679
594 694
594 781
594 814
594 892
594 897
594 944
594 984
596 107
596 167
596 443
596 491
596 722
596 964
596 999
597 336
597 338
597 942
598 80
598 175
598 695
598 763
598 888
598 904
599 6
599 173
599 289
599 373
599 393
599 579
599 861
599 923
600 44
600 288
600 301
600 577
600 709
600 731
600 759
600 811
600 849
600 855
600 917
601 290
601 545
601 555
601 655
601 929
602 601
602 907
603 72
603 312
603 497
603 632
603 712
603 713
603 716
603 805
603 819
603 914
603 948
603 958
604 173
604 215
604 232
604 278
604 283
604 304
604 381
604 435
604 566
604 622
605 28
605 63
605 104
605 158
605 242
605 296
605 320
605 342
605 344
605 348
605 433
605 524
605 601
605 606
605 680
605 682
605 714
605 737
605 779
605 803
605 858
605 901
605 983
607 38
607 50
607 82
607 100
607 126
607 130
607 194
607 222
607 336
607 338
607 346
607 400
607 404
607 446
607 466
607 487
607 505
607 516
607 525
607 531
607 537
607 589
607 671
607 773
607 793
607 809
607 831
607 890
607 916
607 969
607 990
607 999
608 133
608 135
608 166
608 305
608 367
608 368
608 388
608 443
608 486
608 513
608 556
608 577
608 582
608 645
608 687
608 760
608 767
608 932
608 959
609 819
611 89
611 155
611 633
611 851
612 176
612 181
612 387
612 406
612 517
612 564
613 97
613 208
613 292
613 295
613 433
613 937
614 111
614 153
614 165
614 203
614 210
614 313
614 393
614 661
614 728
614 793
615 64
615 121
615 155
616 35
616 36
616 463
616 678
616 807
616 886
617 34
617 156
617 513
617 622
617 724
617 839
617 850
617 955
618 395
619 45
619 374
619 469
619 471
619 495
619 515
619 609
619 736
619 859
620 67
620 71
620 260
620 394
620 477
620 759
620 807
621 24
621 185
621 407
621 501
621 754
621 853
621 866
621 943
621 948
621 993
622 127
622 134
622 168
622 211
622 342
622 408
622 453
622 711
622 902
622 929
622 934
623 431
624 640
624 751
624 811
624 834
624 896
624 899
624 912
625 46
625 655
625 782
625 956
626 39
626 77
626 113
626 277
626 292
626 301
626 472
626 514
626 649
626 707
626 765
626 908
626 917
627 32
627 73
627 93
627 189
627 193
627 218
627 275
627 305
627 456
627 510
627 586
627 588
627 728
627 750
627 821
627 830
627 897
627 927
628 102
628 189
628 190
628 293
628 388
628 430
628 501
628 675
628 711
628 763
628 772
628 835
628 950
629 53
629 84
629 488
629 717
629 726
629 826
629 898
629 909
630 60
630 73
630 80
630 91
630 143
630 159
630 178
630 208
630 260
630 267
630 356
630 375
630 394
630 477
630 494
630 558
630 600
630 641
630 642
630 728
630 738
630 741
630 802
630 840
630 915
630 959
630 967
630 981
630 993
631 277
631 472
632 54
632 389
632 462
632 597
632 655
632 688
632 720
632 754
632 767
632 883
632 891
632 934
632 955
632 994
633 98
633 208
633 211
633 221
633 231
633 266
633 297
633 307
633 491
633 557
633 829
633 832
633 953
633 971
634 114
634 157
634 179
634 223
634 428
634 723
634 862
635 67
635 175
635 262
635 321
635 589
635 681
635 720
635 858
635 883
636 198
636 330
636 358
636 362
636 365
636 420
636 494
636 578
636 664
636 704
636 720
636 822
636 831
636 833
636 868
636 913
636 945
637 456
637 720
637 994
638 246
638 365
638 462
638 534
638 791
638 846
638 872
638 880
638 921
639 34
639 111
639 120
639 157
639 165
639 184
639 209
639 298
639 332
639 339
639 488
639 528
639 549
639 558
639 564
639 589
639 618
639 628
639 647
639 713
639 734
639 746
639 755
639 787
639 900
639 943
639 985
639 1000
640 180
640 624
640 628
640 763
640 768
641 89
641 104
641 116
641 202
641 339
641 393
641 429
641 513
641 523
641 564
641 598
641 697
641 765
641 796
641 798
641 920
642 39
642 150
642 273
642 330
642 548
642 558
642 560
642 627
642 665
642 719
642 872
643 223
643 638
645 37
645 44
645 53
645 74
645 99
645 167
645 205
645 231
645 267
645 274
645 279
645 300
645 381
645 424
645 505
645 508
645 582
645 639
645 640
645 644
645 775
645 874
645 993
648 280
648 282
648 725
650 19
650 336
650 352
650 376
650 402
650 456
650 461
650 705
650 787
650 906
651 26
651 60
651 306
651 486
651 563
651 833
651 999
652 115
653 78
653 93
653 115
653 201
653 210
653 257
653 286
653 388
653 532
653 544
653 688
653 724
653 812
653 832
653 974
654 236
655 91
655 114
655 403
655 635
655 689
655 715
655 736
655 742
655 769
655 771
655 797
655 839
655 858
655 863
655 954
655 969
656 434
656 452
656 862
657 40
657 44
657 45
657 66
657 69
657 75
657 87
657 125
657 131
657 171
657 279
657 290
657 291
657 470
657 560
657 618
657 789
657 824
657 844
657 880
657 901
657 925
657 966
657 976
657 989
658 566
658 618
658 944
659 7
659 12
659 37
659 48
659 57
659 84
659 102
659 116
659 138
659 232
659 238
659 261
659 273
659 286
659 295
659 350
659 377
659 394
659 441
659 461
659 463
659 527
659 548
659 578
659 589
659 611
659 645
659 681
659 759
659 778
659 827
659 856
659 887
659 920
659 942
659 965
659 987
660 262
660 758
661 15
661 370
661 381
661 425
661 443
661 514
661 557
661 587
661 599
661 693
661 703
661 771
661 773
661 866
661 882
661 896
661 915
662 32
662 71
662 178
662 284
662 321
662 325
662 371
662 440
662 455
662 482
662 601
662 756
662 759
663 136
663 274
663 643
663 749
663 802
663 928
664 248
664 289
664 392
664 424
664 455
664 467
664 543
664 568
664 792
664 826
664 864
664 888
664 927
664 947
665 5
665 23
665 34
665 65
665 115
665 171
665 181
665 200
665 239
665 240
665 243
665 274
665 300
665 304
665 310
665 317
665 323
665 363
665 366
665 367
665 412
665 427
665 496
665 513
665 515
665 531
665 537
665 575
665 580
665 583
665 601
665 627
665 640
665 664
665 675
665 700
665 708
665 724
665 749
665 786
665 791
665 819
665 826
665 835
665 989
666 4
666 55
666 106
666 128
666 143
666 169
666 183
666 212
666 336
666 386
666 431
666 439
666 482
666 573
666 611
666 623
666 627
666 634
666 663
666 868
666 869
666 892
666 924
667 55
667 114
667 133
667 348
667 634
667 733
667 794
668 128
668 238
668 302
668 478
668 579
668 587
668 734
668 878
668 886
668 969
668 999
669 166
669 256
669 554
669 603
669 641
669 706
669 765
669 799
669 847
669 920
669 926
670 2
670 27
671 167
671 476
671 941
672 15
672 62
672 76
672 105
672 163
672 173
672 246
672 330
672 339
672 356
672 471
672 478
672 506
672 623
672 668
672 684
672 710
672 760
672 822
672 832
672 916
672 925
673 151
673 343
673 405
673 565
673 577
673 600
673 733
673 739
673 798
673 799
674 163
674 291
674 383
674 718
674 996
675 146
675 243
675 289
675 331
675 669
675 788
676 151
676 400
676 478
676 637
676 734
676 807
676 819
676 853
677 38
677 201
677 372
677 556
677 584
677 631
677 982
678 79
678 89
678 364
678 658
678 773
679 764
680 158
680 179
680 183
680 204
680 276
680 283
680 345
680 537
680 822
680 882
680 883
681 50
681 54
681 147
681 155
681 229
681 233
681 259
681 279
681 280
681 316
681 343
681 411
681 461
681 476
681 496
681 551
681 590
681 652
681 738
681 774
681 843
681 943
682 250
682 261
682 300
682 353
682 435
682 827
683 32
683 180
683 217
683 230
683 517
683 664
683 833
683 918
684 3
684 25
684 34
684 47
684 101
684 156
684 175
684 176
684 205
684 218
684 244
684 326
684 348
684 356
684 368
684 372
684 479
684 550
684 655
684 682
684 687
684 715
684 747
684 775
684 802
684 846
684 855
684 860
684 867
684 877
684 908
684 958
684 979
684 986
685 24
685 55
685 110
685 115
685 127
685 158
685 170
685 178
685 188
685 205
685 209
685 238
685 265
685 288
685 305
685 338
685 352
685 362
685 366
685 379
685 397
685 399
685 424
685 506
685 509
685 510
685 514
685 516
685 517
685 535
685 586
685 588
685 602
685 604
685 607
685 608
685 626
685 673
685 695
685 771
685 774
685 783
685 795
685 805
685 824
685 838
685 843
685 857
685 895
685 906
685 948
685 951
685 960
685 991
685 996
686 155
686 658
686 723
687 55
687 73
687 177
687 196
687 213
687 227
687 258
687 307
687 323
687 324
687 354
687 362
687 369
687 394
687 515
687 538
687 545
687 685
687 705
687 781
687 786
687 790
687 840
687 870
687 871
687 927
687 987
688 136
688 169
688 177
688 219
688 348
688 424
688 734
688 838
690 881
690 991
691 19
691 83
691 133
691 145
691 220
691 436
691 453
691 521
691 713
691 730
691 756
691 806
691 851
691 885
692 124
692 146
692 170
692 338
692 414
692 666
692 788
692 885
693 29
693 46
693 72
693 77
693 109
693 117
693 165
693 178
693 204
693 217
693 275
693 282
693 298
693 311
693 327
693 337
693 349
693 382
693 397
693 411
693 428
693 432
693 474
693 490
693 546
693 555
693 571
693 575
693 589
693 609
693 631
693 664
693 671
693 691
693 702
693 778
693 781
693 788
693 794
693 796
693 809
693 810
693 889
693 900
693 906
693 978
693 982
693 998
694 11
694 177
694 195
694 221
694 297
694 326
694 444
694 553
694 577
694 650
694 667
694 685
694 716
694 803
694 825
694 990
695 38
695 104
695 173
695 582
695 629
696 4
696 195
696 703
696 894
696 922
697 46
697 102
697 120
697 140
697 184
697 195
697 400
697 666
697 685
697 744
697 953
698 82
698 86
698 149
698 201
698 270
698 271
698 300
698 355
698 371
698 374
698 405
698 507
698 574
698 577
698 597
698 626
698 821
698 857
698 876
698 927
698 1000
699 65
699 67
699 70
699 138
699 139
699 162
699 206
699 216
699 254
699 258
699 313
699 422
699 471
699 504
699 506
699 551
699 564
699 590
699 703
699 711
699 714
699 786
699 875
699 881
699 896
699 912
699 976
700 33
700 46
700 239
700 284
700 286
700 292
700 293
700 324
700 357
700 422
700 434
700 445
700 471
700 551
700 701
700 715
700 732
700 791
700 837
700 847
700 878
700 923
700 992
702 31
702 153
702 167
702 180
702 218
702 319
702 341
702 436
702 526
702 584
702 640
702 757
702 788
702 861
702 995
704 83
704 121
704 150
704 183
704 203
704 217
704 224
704 321
704 341
704 354
704 359
704 378
704 379
704 380
704 401
704 420
704 451
704 460
704 480
704 486
704 524
704 542
704 549
704 613
704 676
704 747
704 798
704 880
704 911
704 940
704 942
705 382
706 122
706 243
706 279
706 446
706 582
706 889
706 948
706 993
707 210
707 222
707 292
707 430
707 439
707 662
707 800
707 815
707 842
708 15
708 19
708 24
708 66
708 74
708 79
708 81
708 136
708 182
708 206
708 215
708 226
708 279
708 315
708 325
708 337
708 381
708 400
708 427
708 458
708 468
708 470
708 482
708 484
708 493
708 517
708 601
708 676
708 681
708 698
708 729
708 758
708 759
708 768
708 771
708 788
708 853
708 915
708 927
709 34
709 83
709 342
709 371
709 375
709 595
709 684
709 743
709 926
710 223
710 480
710 706
710 900
710 915
710 922
710 948
710 985
711 5
711 100
711 127
711 158
711 200
711 286
711 287
711 466
711 488
711 540
711 541
711 607
711 638
711 663
711 702
711 727
711 740
711 764
711 883
711 930
711 942
712 517
712 549
712 783
712 966
713 31
713 179
713 192
713 353
713 589
713 604
713 703
713 721
715 259
715 947
717 302
717 328
717 387
717 480
717 544
717 638
717 751
717 907
718 77
718 90
718 107
718 179
718 242
718 376
718 433
718 556
718 571
718 611
718 669
718 896
718 917
718 926
719 55
719 66
719 86
719 299
719 314
719 333
719 424
719 452
719 472
719 492
719 508
719 661
719 731
719 772
719 874
719 930
720 280
720 627
720 671
721 581
721 819
722 69
722 223
722 319
722 407
722 443
722 499
722 571
722 595
722 653
722 728
722 738
722 867
722 965
722 986
723 407
723 842
723 851
724 19
724 138
724 148
724 174
724 255
724 285
724 497
724 544
724 743
724 859
724 893
724 896
724 955
725 158
725 247
725 259
725 260
725 263
725 331
725 377
725 384
725 415
725 473
725 481
725 524
725 534
725 575
725 627
725 649
725 667
725 689
725 730
725 732
725 755
725 798
725 861
725 866
725 873
725 879
727 6
727 24
727 44
727 46
727 47
727 80
727 91
727 114
727 148
727 150
727 202
727 253
727 268
727 286
727 287
727 301
727 316
727 615
727 629
727 639
727 676
727 684
727 690
727 766
727 771
727 795
727 856
727 870
727 873
727 897
727 902
727 932
727 954
727 985
727 990
728 66
728 464
728 545
728 717
728 899
729 60
729 95
729 180
729 258
729 264
729 279
729 358
729 416
729 439
729 446
729 513
729 523
729 528
729 545
729 614
729 701
729 843
729 948
729 955
730 138
730 316
730 524
730 623
730 645
731 178
731 325
732 58
732 76
732 184
732 303
732 662
732 719
732 905
732 929
732 946
733 421
734 61
734 69
734 83
734 217
734 250
734 262
734 272
734 305
734 321
734 355
734 358
734 372
734 378
734 396
734 424
734 443
734 491
734 541
734 547
734 571
734 575
734 622
734 645
734 648
734 653
734 660
734 679
734 686
734 733
734 735
734 737
734 793
734 795
734 799
734 800
734 824
734 829
734 924
734 928
734 940
734 952
734 963
735 5
735 99
735 108
735 201
735 232
735 713
735 884
735 889
735 985
736 886
737 19
737 23
737 491
737 502
737 557
737 767
737 925
738 40
738 87
738 89
738 117
738 272
738 300
738 353
738 427
738 435
738 455
738 478
738 481
738 492
738 511
738 620
738 645
738 661
738 717
738 779
738 953
740 372
740 819
740 968
741 210
741 236
741 496
741 849
741 873
741 917
742 238
742 337
742 385
742 434
742 677
742 718
742 762
742 796
742 810
742 880
742 981
742 998
743 41
743 262
743 349
743 577
743 865
744 245
744 273
744 447
744 448
744 485
744 725
744 737
744 916
744 966
746 320
746 334
746 507
746 596
746 901
746 964
747 206
747 260
747 302
747 325
747 458
747 916
747 988
748 155
748 168
748 212
748 241
748 415
748 423
748 456
748 467
748 468
748 494
748 515
748 665
748 761
748 847
748 864
748 937
750 1
750 40
750 194
750 263
750 440
750 621
750 844
750 944
750 954
751 242
751 278
751 403
752 58
752 62
752 277
752 458
752 691
752 755
753 380
753 505
753 509
753 591
753 971
754 113
754 134
754 366
754 392
754 405
754 483
754 652
755 53
755 57
755 167
755 174
755 217
755 226
755 246
755 283
755 324
755 335
755 374
755 408
755 425
755 438
755 454
755 470
755 577
755 608
755 610
755 612
755 624
755 669
755 710
755 777
755 830
755 841
755 847
755 865
755 896
755 901
755 950
756 251
756 317
756 430
756 722
756 798
757 367
757 778
758 178
758 229
758 239
758 241
758 265
758 273
758 281
758 282
758 300
758 319
758 434
758 457
758 563
758 577
758 618
758 654
758 681
758 729
758 772
758 797
758 858
758 891
758 900
758 969
758 970
758 984
759 21
759 394
759 578
760 235
761 46
761 161
761 193
761 194
761 257
761 306
761 360
761 434
761 688
761 730
761 762
761 779
763 22
763 33
763 38
763 99
763 342
763 484
763 621
763 652
763 749
764 126
764 157
764 418
764 460
764 468
764 499
764 624
764 681
764 687
764 825
764 932
765 142
765 180
765 184
765 245
765 325
765 387
765 434
765 488
765 497
765 547
765 573
765 774
765 810
765 999
766 21
766 331
766 356
766 540
766 723
766 970
767 60
769 20
769 78
769 121
769 138
769 151
769 182
769 228
769 253
769 327
769 383
769 428
769 432
769 434
769 492
769 539
769 609
769 614
769 803
769 831
769 901
769 937
770 152
770 221
770 358
770 458
770 514
770 579
770 650
770 826
770 996
771 48
771 234
771 284
771 337
771 377
771 429
771 482
771 496
771 514
771 520
771 544
771 656
771 760
771 792
771 930
771 945
771 952
771 998
772 90
772 91
772 111
772 187
772 273
772 289
772 351
772 445
772 453
772 487
772 556
772 563
772 587
772 652
772 701
772 757
772 779
772 792
772 860
772 906
772 983
773 57
773 102
773 325
773 946
774 556
774 602
774 731
774 777
774 834
775 7
775 64
775 347
775 391
775 393
775 487
775 658
775 667
775 870
776 133
776 180
776 336
776 570
776 617
776 830
776 939
776 962
777 46
777 57
777 167
777 307
777 342
777 576
777 592
777 798
777 805
777 949
777 991
778 49
778 55
778 257
778 326
778 431
778 642
778 834
778 913
778 961
779 12
779 27
779 54
779 72
779 73
779 74
779 134
779 154
779 188
779 196
779 207
779 212
779 214
779 283
779 322
779 329
779 354
779 389
779 403
779 404
779 411
779 419
779 421
779 526
779 548
779 562
779 590
779 591
779 597
779 604
779 608
779 633
779 659
779 699
779 723
779 746
779 752
779 762
779 771
779 802
779 824
779 845
779 866
779 867
779 892
779 938
779 973
779 976
779 979
780 70
780 194
780 767
780 906
781 29
781 48
781 162
781 164
781 192
781 212
781 214
781 256
781 272
781 285
781 315
781 346
781 380
781 488
781 576
781 589
781 625
781 635
781 647
781 854
781 872
781 904
781 911
781 948
781 950
781 955
781 999
782 2
782 120
782 164
782 260
782 281
782 374
782 526
782 565
782 692
782 693
782 713
782 720
782 794
782 845
782 942
782 982
783 33
783 36
783 40
783 171
783 180
783 197
783 262
783 265
783 296
783 334
783 450
783 452
783 461
783 474
783 482
783 507
783 510
783 519
783 521
783 535
783 640
783 655
783 657
783 674
783 765
783 770
783 775
783 831
783 846
783 853
783 860
784 20
784 21
784 78
784 182
784 200
784 231
784 327
784 362
784 434
784 447
784 575
784 592
784 601
784 674
784 714
784 741
784 831
784 902
784 939
784 968
784 993
784 1000
785 223
785 351
785 395
785 508
785 687
785 697
785 913
785 994
786 540
786 610
786 688
786 763
786 936
787 10
787 21
787 150
787 156
787 223
787 243
787 281
787 285
787 314
787 455
787 472
787 500
787 511
787 570
787 693
787 695
787 719
787 740
787 825
787 872
787 991
787 999
788 12
788 34
788 137
788 170
788 524
788 658
788 667
788 686
788 802
788 928
789 37
789 40
789 91
789 143
789 158
789 261
789 283
789 372
789 430
789 490
789 502
789 581
789 613
789 668
789 759
789 769
789 855
789 893
789 904
791 42
791 50
791 71
791 92
791 120
791 124
791 164
791 252
791 277
791 281
791 317
791 355
791 365
791 391
791 420
791 427
791 494
791 515
791 677
791 847
791 884
791 898
791 918
791 943
791 965
791 987
791 988
791 991
792 12
792 129
792 183
792 356
792 546
792 574
793 259
793 264
793 720
794 9
794 31
794 52
794 132
794 137
794 202
794 214
794 297
794 319
794 355
794 364
794 370
794 390
794 429
794 492
794 652
794 673
794 791
794 911
794 929
794 930
794 957
796 85
796 152
796 202
796 233
796 282
796 338
796 473
796 538
796 792
796 903
796 944
796 979
796 983
797 78
797 119
797 163
797 541
797 640
797 672
797 725
797 760
797 781
797 788
798 157
798 266
798 441
798 492
798 608
798 671
798 797
798 802
798 876
798 914
798 929
798 973
798 999
799 108
799 598
799 620
799 868
799 983
801 993
802 176
802 214
802 268
802 294
802 472
802 535
802 558
802 586
802 709
802 831
802 912
802 927
802 930
802 962
803 107
803 778
804 230
804 246
804 247
804 428
804 431
804 793
804 835
804 847
805 22
805 29
805 131
805 204
805 452
805 559
805 663
805 683
805 817
806 365
806 716
806 945
807 15
807 258
807 333
807 441
807 505
807 630
808 34
808 47
808 232
808 274
808 981
809 34
811 183
811 199
811 403
811 511
811 535
812 359
812 524
812 556
812 601
813 14
813 52
813 121
813 141
813 153
813 163
813 181
813 311
813 362
813 544
813 591
813 702
813 839
814 11
814 18
814 32
814 52
814 109
814 270
814 288
814 315
814 427
814 520
814 591
814 724
814 744
814 792
814 797
814 905
815 104
815 657
815 754
815 860
815 862
815 932
816 256
816 281
816 598
816 660
816 678
816 799
816 829
817 646
817 904
818 33
818 42
818 155
818 162
818 217
818 417
818 531
818 695
818 858
818 937
819 75
819 117
819 192
819 248
819 544
819 588
819 596
819 729
819 834
819 979
820 779
820 928
821 395
821 672
822 32
822 200
822 213
822 236
822 267
822 274
822 291
822 303
822 338
822 402
822 492
822 515
822 543
822 561
822 578
822 604
822 621
822 633
822 666
822 764
822 769
822 771
822 874
822 878
822 901
822 917
822 940
823 268
823 511
823 619
823 699
823 933
823 986
823 992
824 14
824 27
824 111
824 144
824 256
824 297
824 326
824 369
824 436
824 479
824 521
824 555
824 720
824 729
824 755
824 758
824 780
824 883
825 67
825 119
825 171
825 217
825 389
825 478
825 526
825 731
825 935
826 89
826 102
826 131
826 137
826 171
826 197
826 230
826 262
826 322
826 422
826 470
826 482
826 502
826 512
826 532
826 555
826 639
826 644
826 652
826 684
826 691
826 711
826 732
826 784
826 802
826 827
826 834
826 850
828 38
828 188
828 204
828 269
828 477
828 492
828 618
828 641
828 642
828 688
828 859
828 888
829 24
829 102
829 159
829 200
829 220
829 244
829 391
829 524
829 864
830 79
830 242
830 276
830 641
830 721
830 756
830 838
830 850
830 905
831 106
831 209
831 231
831 247
831 272
831 316
831 386
831 426
831 506
831 511
831 525
831 567
831 587
831 600
831 795
831 894
831 921
832 18
832 55
832 179
832 431
832 504
832 908
832 997
833 140
833 141
833 147
833 274
833 532
833 629
833 774
834 10
834 223
834 484
834 557
834 696
834 894
834 911
835 238
835 291
835 438
835 531
835 585
835 854
836 73
836 226
836 301
836 445
836 516
836 613
836 978
837 14
837 46
837 57
837 77
837 176
837 218
837 252
837 284
837 355
837 489
837 596
837 629
837 637
837 735
837 774
837 779
837 888
837 902
837 964
837 983
838 20
838 24
838 25
838 35
838 38
838 56
838 62
838 63
838 79
838 95
838 104
838 136
838 150
838 167
838 192
838 193
838 220
838 280
838 302
838 308
838 326
838 348
838 356
838 386
838 432
838 458
838 481
838 504
838 529
838 544
838 632
838 693
838 740
838 746
838 765
838 957
839 239
839 288
839 389
839 426
839 482
839 584
839 733
839 812
839 813
839 913
840 103
840 327
840 765
841 497
841 822
842 23
842 517
842 659
842 913
842 928
843 94
843 534
843 638
843 738
844 107
844 118
844 122
844 168
844 265
844 450
844 474
844 500
844 502
844 581
844 605
844 858
845 29
845 216
845 320
845 332
845 364
845 481
845 521
845 595
845 604
845 620
845 646
845 691
845 712
845 724
845 770
845 821
845 901
845 945
846 34
846 222
846 841
847 213
847 223
847 265
847 575
847 636
848 70
848 128
848 376
848 982
849 76
849 282
849 392
849 396
849 402
849 407
849 426
849 505
849 547
849 630
849 715
849 732
849 806
849 818
849 835
849 899
849 946
849 954
849 955
849 987
850 11
850 89
850 160
850 265
850 288
850 573
850 700
850 794
850 880
850 902
851 3
851 60
851 220
851 223
851 243
851 304
851 329
851 450
851 489
851 554
851 574
851 747
851 760
853 22
853 58
853 117
853 344
853 372
853 395
853 415
853 500
853 630
853 653
853 943
854 5
854 57
854 128
854 246
854 275
854 581
854 589
854 809
855 169
855 248
855 286
855 299
855 456
855 948
856 129
856 726
856 842
856 902
857 616
858 11
858 408
858 556
858 564
858 582
858 653
858 681
858 859
858 956
859 72
859 131
859 441
859 465
859 842
859 863
860 236
860 513
860 574
861 342
861 588
861 607
861 611
861 709
861 720
861 759
861 766
861 773
861 784
861 843
863 56
863 154
863 187
863 349
863 410
863 688
863 715
863 893
865 55
865 530
865 997
866 16
866 17
866 48
866 142
866 191
866 205
866 215
866 217
866 716
866 964
867 42
867 290
869 8
869 37
869 357
869 852
869 883
870 62
870 573
871 159
871 205
872 34
872 112
872 157
872 178
872 197
872 340
872 417
872 443
872 460
872 517
872 522
872 599
872 625
872 827
872 866
872 931
872 987
873 75
873 168
873 215
873 235
873 237
873 276
873 306
873 369
873 462
873 593
873 691
873 695
873 741
873 795
873 813
873 892
873 958
873 995
874 101
874 289
874 545
874 828
874 841
874 851
874 905
875 53
875 73
875 334
875 382
875 489
875 744
875 746
876 322
876 435
876 589
876 858
876 933
877 6
877 46
877 180
877 394
877 519
877 750
877 965
878 221
878 324
878 417
878 490
879 645
879 864
880 67
880 129
880 172
880 245
880 250
880 401
880 560
880 656
880 664
880 768
880 797
880 910
880 945
881 37
881 94
881 152
881 186
881 287
881 330
881 345
881 358
881 367
881 380
881 436
881 446
881 450
881 470
881 535
881 600
881 627
881 678
881 690
881 724
881 773
881 800
881 880
881 897
881 923
881 978
883 175
883 188
883 394
883 419
883 467
883 484
883 531
883 673
883 754
883 882
883 892
883 935
884 56
884 70
884 86
884 106
884 138
884 219
884 252
884 393
884 504
884 614
884 701
884 744
884 762
884 808
884 855
884 937
885 912
886 73
886 373
886 397
886 807
886 829
887 118
887 178
887 185
887 201
887 249
887 316
887 340
887 345
887 369
887 469
887 546
887 550
887 591
887 608
887 663
887 684
887 693
887 748
887 828
887 877
888 33
888 43
888 47
888 55
888 90
888 116
888 122
888 154
888 183
888 205
888 233
888 318
888 339
888 342
888 445
888 465
888 507
888 508
888 519
888 526
888 557
888 576
888 580
888 586
888 597
888 600
888 634
888 668
888 721
888 729
888 731
888 769
888 778
888 796
888 804
888 854
888 856
888 871
888 898
888 915
888 922
888 926
888 937
888 957
888 964
888 985
888 987
888 995
889 8
889 44
889 46
889 52
889 78
889 144
889 168
889 334
889 341
889 477
889 534
889 614
889 654
889 802
889 830
889 832
889 976
889 998
890 615
891 15
891 84
891 136
891 156
891 165
891 216
891 236
891 255
891 286
891 341
891 343
891 390
891 592
891 662
891 780
891 822
891 905
891 968
891 974
891 977
892 171
892 229
892 284
892 309
892 324
892 330
892 682
892 706
892 734
892 904
892 976
893 6
893 57
893 109
893 204
893 219
893 308
893 453
893 494
893 498
893 587
893 596
893 817
893 825
893 828
893 939
894 192
894 689
896 12
896 34
896 130
896 200
896 224
896 304
896 347
896 394
896 764
896 819
897 38
897 69
897 242
897 494
897 575
897 646
897 685
898 46
898 55
898 59
898 65
898 117
898 142
898 151
898 190
898 205
898 276
898 339
898 362
898 416
898 461
898 483
898 484
898 518
898 560
898 582
898 721
898 787
898 790
898 892
898 960
899 11
899 116
899 137
899 138
899 170
899 181
899 249
899 278
899 291
899 403
899 406
899 411
899 425
899 521
899 548
899 581
899 596
899 664
899 680
899 736
899 796
899 819
899 833
900 12
900 33
900 46
900 113
900 133
900 141
900 277
900 287
900 413
900 434
900 443
900 458
900 582
900 631
900 664
900 692
900 726
900 806
900 875
900 929
901 58
901 64
901 119
901 130
901 135
901 243
901 271
901 277
901 294
901 392
901 436
901 484
901 629
901 695
901 727
901 730
901 760
901 820
901 846
901 853
901 893
901 939
901 950
901 966
902 19
902 53
902 104
902 110
902 142
902 156
902 160
902 175
902 273
902 277
902 351
902 353
902 368
902 434
902 468
902 526
902 527
902 577
902 618
902 621
902 660
902 724
902 771
902 800
902 815
902 839
902 917
902 995
903 23
903 274
903 293
903 316
903 617
903 667
903 677
903 774
903 851
903 906
903 980
904 18
904 402
904 541
904 760
904 855
904 861
905 105
905 110
905 143
905 175
905 226
905 228
905 290
905 483
905 563
905 569
905 601
905 700
905 711
905 721
905 724
905 744
905 759
905 828
905 878
906 40
906 112
906 123
906 185
906 254
906 288
906 357
906 404
906 413
906 418
906 421
906 440
906 478
906 527
906 660
906 679
906 703
906 728
906 735
906 746
906 846
906 878
906 881
906 897
906 978
906 989
908 604
908 676
908 686
910 137
910 152
910 231
910 267
910 478
910 533
910 652
910 668
910 731
910 813
910 830
910 833
910 902
911 212
911 226
912 156
912 170
912 964
913 68
913 281
913 510
913 545
913 648
913 679
913 766
913 785
913 802
913 889
913 915
913 931
914 503
915 432
915 475
915 531
915 611
915 956
916 278
916 459
916 511
916 522
916 535
916 565
916 577
916 596
916 626
916 784
916 854
917 108
917 194
917 401
917 402
917 475
917 609
917 696
917 716
917 868
917 978
917 987
918 48
918 106
918 141
918 239
918 252
918 288
918 350
918 355
918 488
918 491
918 531
918 718
919 20
919 47
919 74
919 164
919 229
919 292
919 395
919 397
919 424
919 444
919 569
919 609
919 678
919 685
919 717
919 825
919 867
919 898
919 905
919 930
919 972
921 50
921 82
921 171
921 275
921 341
921 445
921 447
921 475
921 542
921 648
921 767
921 779
922 62
922 76
922 292
922 398
922 421
922 457
922 723
922 745
922 764
922 783
922 850
922 921
923 264
923 435
923 512
923 948
925 103
925 899
925 941
926 20
926 44
926 58
926 62
926 71
926 112
926 177
926 386
926 582
926 603
926 609
926 634
926 666
926 754
926 756
926 816
926 916
926 925
926 942
926 995
927 178
927 269
927 280
927 303
927 482
927 570
927 833
927 852
927 897
927 910
927 992
928 904
928 972
928 984
929 64
929 66
929 68
929 140
929 251
929 311
929 316
929 351
929 450
929 532
929 567
929 586
929 599
929 640
929 657
929 860
929 865
929 925
929 995
930 529
930 619
930 722
930 813
930 843
931 197
931 222
931 364
932 43
932 74
932 120
932 199
932 213
932 294
932 315
932 332
932 465
932 523
932 629
932 717
932 771
932 805
932 824
932 842
933 250
933 281
933 576
934 18
934 44
934 71
934 85
934 126
934 135
934 145
934 280
934 312
934 319
934 326
934 333
934 426
934 443
934 524
934 540
934 545
934 559
934 597
934 716
934 769
934 834
934 861
934 905
934 923
934 997
935 43
935 159
935 368
935 396
935 399
935 608
935 644
935 670
935 758
935 780
935 913
935 980
936 997
937 8
938 170
938 521
938 601
939 9
939 777
940 57
940 62
940 126
940 452
940 729
940 908
940 933
941 16
941 265
941 319
941 391
941 563
941 636
941 645
941 663
941 715
941 754
941 856
941 992
942 16
942 141
942 253
942 345
942 362
942 398
942 414
942 609
942 719
942 765
942 800
943 107
943 223
943 387
943 430
943 478
943 753
943 813
943 974
944 42
944 101
944 194
944 252
944 398
944 627
944 781
945 507
946 882
947 223
947 619
948 50
948 294
948 363
948 723
949 177
950 145
950 309
950 338
950 348
950 385
950 597
950 841
950 857
950 887
950 979
950 986
951 386
951 867
951 998
952 14
952 56
952 91
952 162
952 261
952 382
952 391
952 396
952 431
952 672
952 727
952 810
952 837
952 897
952 898
952 990
953 263
953 406
953 504
953 513
953 668
953 915
953 965
953 975
954 20
954 76
954 140
954 203
954 235
954 367
954 405
954 613
954 636
955 173
955 182
956 135
956 575
956 717
957 100
957 569
957 638
957 884
958 954
959 252
959 266
959 352
959 394
959 428
959 506
959 717
959 852
959 867
960 17
960 30
960 92
960 198
960 230
960 246
960 282
960 295
960 479
960 496
960 530
960 585
960 648
960 804
961 357
961 376
962 300
962 385
962 396
962 421
962 422
962 452
962 466
962 490
962 491
962 507
962 565
962 582
962 587
962 719
962 767
962 796
962 957
963 71
963 227
963 397
963 576
963 813
963 928
964 102
965 76
965 896
967 5
967 225
967 297
967 986
968 6
968 40
968 72
968 85
968 216
968 218
968 272
968 286
968 296
968 443
968 503
968 546
968 668
968 675
968 752
968 785
968 801
968 983
969 197
969 229
969 319
969 343
969 355
969 392
969 687
969 771
969 794
969 859
969 912
970 883
971 31
971 132
971 152
971 192
971 210
971 247
971 254
971 265
971 390
971 414
971 528
971 529
971 569
971 592
971 607
971 655
971 728
971 750
971 795
971 832
971 847
971 871
971 894
971 901
971 973
971 981
971 992
971 994
971 999
972 69
974 164
974 345
974 371
974 669
975 258
975 792
976 242
976 281
976 410
976 716
976 728
976 757
976 919
976 989
977 420
977 772
977 924
978 57
978 123
978 308
978 461
978 478
978 877
978 915
978 977
979 70
979 119
979 185
979 198
979 209
979 246
979 433
979 483
979 493
979 546
979 559
979 560
979 567
979 664
979 732
979 756
979 778
979 801
979 826
979 848
979 865
979 882
979 920
979 935
979 961
979 969
979 983
980 167
980 213
980 628
980 780
980 899
980 917
980 943
981 94
981 428
982 91
982 113
982 178
982 206
982 243
982 258
982 265
982 266
982 301
982 388
982 400
982 474
982 622
982 625
982 657
982 677
982 697
982 765
982 786
982 881
982 895
982 909
982 963
982 966
984 40
984 86
984 91
984 196
984 270
984 400
984 505
984 572
984 621
984 646
984 679
984 700
984 806
984 827
984 907
984 908
984 998
985 28
985 485
985 669
986 294
986 412
986 684
987 8
987 97
987 143
987 159
987 177
987 239
987 424
987 460
987 483
987 568
987 601
987 613
987 635
987 643
987 700
987 938
987 953
988 11
988 13
988 24
988 118
988 178
988 182
988 225
988 237
988 265
988 287
988 298
988 314
988 337
988 367
988 368
988 384
988 398
988 420
988 449
988 453
988 464
988 480
988 500
988 653
988 816
988 820
988 831
988 839
988 908
988 918
988 966
988 990
989 30
989 385
989 408
989 413
989 418
989 421
990 45
990 333
991 1
991 116
991 139
991 237
991 246
991 281
991 411
991 414
991 451
991 540
991 554
991 827
991 889
991 966
992 94
992 178
992 226
992 605
992 614
992 904
993 127
993 287
993 296
993 489
993 590
993 630
994 32
994 63
994 161
994 191
994 254
994 318
994 338
994 345
994 508
994 610
994 814
995 132
996 137
996 360
996 477
996 491
996 850
996 872
997 705
997 818
997 843
997 859
997 886
997 902
998 652
998 928
999 8
999 51
999 73
999 153
999 229
999 242
999 252
999 299
999 344
999 417
999 613
999 652
999 690
999 948
999 978
1000 130
1000 142
1000 151
1000 433
1000 472
1000 581
1000 601
1000 630
1000 800
1000 928
1000 973
