30 712
430 556
115 709
178 286
300 758
147 467
290 898
692 997
1 449
874 899
454 680
217 961
147 718
157 728
607 759
113 965
116 757
162 436
316 439
199 895
49 634
481 708
246 480
644 737
557 882
182 337
225 857
699 700
576 901
491 605
392 598
179 682
15 126
173 723
414 569
280 316
487 533
356 699
359 733
96 469
133 583
413 494
153 778
302 821
283 699
491 737
288 674
147 151
95 122
458 967
248 884
418 537
386 464
150 291
52 628
385 446
606 792
10 813
151 891
142 629
672 798
64 437
427 768
287 917
245 764
426 813
336 692
132 607
140 567
251 804
686 784
887 936
453 899
33 845
294 508
410 778
165 868
95 482
55 493
385 672
962 981
167 287
136 909
30 508
306 885
196 554
43 925
755 797
77 813
137 570
656 981
256 685
243 801
288 771
158 441
88 331
99 265
228 751
632 828
337 684
803 959
156 632
120 521
356 992
78 959
784 993
336 437
925 994
599 854
342 680
62 434
663 978
9 94
135 197
23 799
446 920
332 385
780 949
348 659
40 742
204 473
691 899
167 350
526 901
496 723
62 463
421 961
444 933
94 788
487 947
487 607
289 600
24 109
450 460
324 675
76 581
175 385
286 880
757 934
189 859
686 968
373 688
194 912
794 830
780 910
347 683
96 342
350 771
684 959
408 655
739 967
199 864
71 91
123 582
290 828
348 742
684 905
264 690
64 348
251 568
298 350
245 680
268 569
680 763
261 659
487 544
589 698
181 621
382 581
695 893
495 664
80 562
786 998
119 707
85 358
295 967
55 951
328 525
246 724
782 830
558 933
801 926
663 863
692 777
156 643
915 925
734 905
185 446
251 579
221 225
225 322
614 889
310 928
196 471
754 823
301 534
632 821
226 448
607 958
224 278
102 308
279 305
45 836
93 904
770 951
77 475
3 145
572 673
257 806
754 829
791 974
667 967
200 345
44 294
89 771
780 853
450 547
364 790
167 843
62 643
271 484
361 480
565 993
310 390
522 891
510 584
367 920
75 391
197 961
53 579
77 796
275 494
131 229
460 977
346 476
550 698
49 606
6 562
296 966
331 464
147 290
452 621
120 614
193 645
0 173
608 941
638 942
693 802
532 769
105 342
301 837
177 757
200 848
370 418
470 671
337 680
358 558
337 359
3 26
40 772
720 887
471 991
661 706
107 916
494 964
9 786
435 900
907 983
7 131
463 594
544 706
589 789
279 680
149 194
39 881
165 241
185 587
300 558
590 752
184 886
450 623
128 375
107 734
56 419
319 353
68 380
24 683
145 392
183 731
498 721
400 450
623 911
273 902
726 901
640 764
858 996
348 862
424 982
60 958
156 712
120 365
162 696
658 919
680 942
229 242
220 390
514 761
283 458
115 296
104 400
136 793
11 778
27 385
20 727
363 844
134 955
339 871
279 933
121 428
408 498
167 770
18 56
261 782
56 802
85 680
600 664
434 623
22 902
561 977
296 823
93 120
404 477
297 987
462 966
26 35
314 414
924 925
483 762
651 998
175 180
23 726
69 729
0 385
515 684
367 607
956 961
709 984
823 931
295 782
128 879
14 660
530 917
134 553
341 380
128 978
501 843
149 766
234 808
88 370
11 787
815 925
265 481
167 337
11 658
126 395
13 812
60 574
91 959
344 993
115 588
221 723
200 598
733 792
194 761
373 521
240 557
940 991
479 716
60 733
314 508
326 597
229 825
405 611
175 494
20 287
134 712
99 791
155 358
9 458
349 596
657 943
417 905
513 542
26 883
138 741
198 410
248 398
726 855
413 855
629 801
644 878
437 571
10 857
768 788
741 809
335 606
618 858
70 696
61 939
44 172
209 387
494 618
294 829
256 867
361 791
55 883
780 903
268 454
225 417
111 453
145 565
78 878
280 522
271 779
198 453
584 834
215 282
337 532
167 638
19 925
250 416
362 567
238 291
568 970
490 917
196 557
415 897
189 252
297 762
431 768
197 978
89 258
352 737
103 451
198 733
245 251
194 621
101 772
165 360
514 864
54 305
634 719
441 729
704 996
171 476
244 361
507 887
349 917
683 886
664 747
30 569
567 816
350 784
8 133
135 841
296 298
454 663
185 546
327 337
56 474
254 890
133 436
84 967
514 790
339 651
454 475
430 937
545 565
126 710
11 366
245 412
181 763
276 899
267 464
155 316
443 968
70 987
801 911
72 686
52 342
107 498
783 967
52 293
451 641
446 624
905 988
306 402
635 832
117 514
498 866
112 290
142 487
12 448
86 282
716 750
419 585
134 732
371 739
101 825
114 684
167 279
641 777
384 428
97 628
351 461
487 780
190 285
588 780
349 403
824 934
123 419
36 788
447 731
15 496
766 920
20 466
918 971
209 627
218 463
522 601
58 336
222 946
392 613
324 370
520 782
150 413
266 541
464 585
17 813
181 268
307 725
142 670
978 982
464 471
149 508
319 691
165 311
267 494
185 692
200 879
281 462
136 512
220 268
431 716
970 972
414 934
176 686
821 900
593 780
270 994
662 927
421 698
376 546
151 530
498 550
116 296
287 469
176 566
116 323
610 658
413 941
312 319
212 936
433 782
557 638
514 573
968 978
134 931
12 121
322 513
102 924
79 126
154 685
20 870
42 887
323 836
39 989
311 691
487 934
569 786
336 987
937 986
925 941
407 988
188 662
401 649
427 803
132 775
29 538
185 296
80 742
58 510
284 326
20 786
911 963
8 175
435 823
486 771
102 344
85 480
126 280
155 327
692 795
987 989
454 585
240 747
263 800
311 422
600 601
153 353
96 738
143 271
250 410
217 287
76 283
95 541
100 591
228 677
233 741
534 782
721 866
595 898
567 641
363 775
507 718
256 444
147 746
844 900
182 268
266 678
71 967
70 142
314 394
376 553
204 421
505 514
343 451
656 928
244 933
181 460
23 747
587 828
80 810
409 603
95 276
91 206
506 961
46 589
557 774
119 781
149 470
780 998
4 853
135 270
751 967
417 585
575 820
225 915
31 69
585 968
283 694
259 406
663 898
216 459
777 833
416 491
95 922
183 518
427 979
775 961
234 248
897 918
299 961
137 590
576 672
761 883
556 903
591 840
882 969
838 987
401 866
336 364
628 832
176 986
512 952
16 452
226 330
983 997
65 497
73 82
341 887
223 527
71 692
544 884
183 495
176 693
78 651
637 642
502 856
228 891
257 910
819 927
434 630
63 552
401 903
97 973
477 671
229 551
156 815
471 706
147 237
97 677
56 173
43 248
28 550
171 522
319 499
561 778
395 532
51 536
387 970
649 693
350 921
248 509
271 903
208 830
624 981
223 989
126 684
36 644
319 584
15 300
546 868
421 640
365 921
220 294
64 524
167 559
211 260
252 337
951 989
367 934
548 711
241 439
166 754
652 831
446 461
7 986
117 843
156 783
30 254
128 388
428 447
91 367
177 991
492 550
509 817
305 901
319 338
110 736
299 376
694 900
83 504
234 464
778 937
83 658
521 871
413 813
11 189
852 942
234 700
217 238
393 477
47 149
529 884
631 719
62 837
555 771
337 878
416 733
331 774
49 920
93 703
208 882
529 608
404 953
256 938
539 710
197 268
386 942
300 390
456 939
3 881
316 721
574 692
137 768
188 395
578 667
277 384
880 981
24 480
323 461
195 778
204 239
309 328
43 644
134 263
337 981
429 797
177 946
127 853
245 491
206 305
431 702
144 975
242 900
305 441
208 255
119 354
892 900
757 983
259 619
473 981
829 909
384 516
97 558
450 990
287 599
481 925
439 546
200 966
249 273
765 969
573 951
336 770
175 176
264 843
194 693
97 399
144 949
668 973
550 559
32 952
502 741
828 885
299 703
0 165
55 423
522 556
107 461
257 374
154 952
26 279
82 690
467 707
745 963
451 782
109 496
763 821
155 911
831 907
386 475
811 838
912 930
261 438
530 989
375 851
340 701
757 857
288 392
134 900
518 782
421 513
60 395
338 536
370 653
456 525
546 575
455 508
332 806
698 895
464 978
567 841
132 895
471 544
327 371
355 791
162 267
309 373
106 131
188 768
220 367
456 717
386 392
172 482
261 999
194 418
423 986
716 737
309 441
15 480
594 844
209 706
8 386
423 908
341 912
7 246
262 398
290 571
446 669
300 683
606 989
62 641
731 825
69 532
230 240
301 927
265 487
13 823
905 977
325 366
577 579
338 764
675 703
494 889
335 649
670 797
220 603
225 623
481 720
256 443
249 283
102 385
62 967
108 883
52 792
474 583
629 806
32 65
20 115
14 671
341 470
33 787
418 778
294 838
235 434
337 925
65 249
316 899
300 466
260 679
793 956
290 325
604 736
8 655
234 724
523 724
502 863
838 901
43 188
342 671
726 765
5 565
184 194
472 639
525 781
272 658
151 547
186 771
757 969
515 946
142 386
649 905
602 925
136 714
83 562
175 600
318 793
159 221
70 237
431 583
301 341
450 752
805 848
29 959
207 407
116 937
632 952
62 154
523 828
152 701
777 978
199 865
333 874
612 936
307 613
314 569
539 547
817 996
505 509
265 981
428 511
374 995
567 589
221 606
355 821
519 594
26 449
62 756
286 726
513 912
46 73
11 247
464 632
220 445
908 981
243 441
293 931
793 968
491 951
348 497
274 626
445 880
727 970
24 768
220 728
116 632
817 848
264 324
484 623
184 759
279 706
6 658
201 775
454 912
608 618
51 82
157 788
251 943
783 825
349 504
814 859
56 658
123 559
205 418
581 705
278 644
453 471
84 933
314 670
562 771
36 128
191 818
325 933
220 877
56 391
43 591
70 661
49 165
28 57
117 559
61 574
93 516
400 529
394 820
814 901
267 456
75 379
271 733
9 162
629 641
131 851
135 662
238 757
252 592
505 830
55 975
93 842
176 577
949 978
253 382
623 895
60 510
69 234
446 887
166 423
11 733
504 752
394 852
313 605
715 865
10 987
29 212
765 912
47 865
47 658
165 668
520 522
372 510
767 879
39 685
273 821
178 378
82 553
331 408
522 645
703 879
367 829
400 557
655 770
513 698
463 971
186 724
573 653
272 423
108 564
458 670
52 101
117 145
615 806
726 869
208 300
232 492
481 770
166 456
156 778
61 115
809 951
176 925
640 696
535 903
479 785
33 152
491 718
431 752
825 826
157 724
628 931
565 677
342 753
165 730
119 275
554 600
637 790
463 717
374 385
755 829
156 759
62 129
62 449
368 458
6 82
899 928
599 830
249 372
342 672
254 257
135 890
264 684
429 914
251 426
687 785
251 734
733 734
279 881
707 758
79 221
268 945
770 929
278 808
513 625
95 280
564 565
300 981
586 830
9 620
343 356
85 798
11 334
161 445
441 598
314 480
285 515
63 498
365 753
193 722
596 941
90 431
853 915
119 343
66 879
146 332
369 928
768 821
164 454
435 694
610 665
121 514
496 840
104 671
51 812
56 772
686 926
158 294
284 546
217 896
367 791
390 790
149 462
385 875
143 461
794 872
255 549
649 769
109 367
474 597
209 592
368 924
225 326
258 321
881 945
75 420
457 899
144 454
194 538
444 754
418 527
658 826
494 515
481 568
267 801
404 697
313 386
273 398
171 334
97 547
190 993
287 689
140 771
342 587
141 901
166 331
881 978
500 620
236 990
197 635
450 496
12 609
684 694
5 535
54 777
323 949
468 618
117 305
56 978
207 612
742 864
85 983
230 266
216 754
498 781
362 654
60 551
747 886
32 710
457 490
516 941
71 858
566 978
609 993
294 658
456 799
20 235
667 887
150 782
285 967
156 971
56 939
159 424
188 967
512 770
270 697
430 435
45 696
235 890
156 471
146 983
783 901
7 626
445 909
91 181
885 996
184 424
34 615
364 553
314 632
156 443
188 370
500 601
269 995
429 624
366 607
324 331
316 664
337 596
346 853
769 995
266 909
280 340
445 728
257 686
186 395
46 323
723 813
367 369
28 780
162 466
443 592
533 547
572 958
44 656
149 557
76 987
496 965
98 102
7 888
333 575
499 576
72 244
318 589
179 701
38 134
166 875
56 206
130 825
266 272
277 534
242 850
820 844
49 819
341 860
220 308
394 617
647 959
57 215
790 883
916 986
9 833
429 832
225 754
502 913
78 324
132 244
408 918
480 786
393 619
548 561
308 399
367 504
660 865
225 528
45 699
16 250
480 484
786 871
85 553
221 845
228 998
28 804
490 736
234 681
305 760
743 904
397 912
206 378
278 705
386 532
95 183
604 857
185 751
238 638
784 967
121 688
133 460
150 186
440 658
502 941
219 690
357 575
527 875
237 328
397 998
270 554
72 140
69 713
6 547
9 745
505 671
212 446
429 867
83 301
203 569
216 579
5 876
28 692
875 932
100 770
686 780
9 320
96 608
285 854
745 874
190 415
514 934
280 841
409 592
50 967
769 825
496 544
269 464
180 416
418 926
69 766
200 650
602 818
285 710
305 830
966 985
286 398
757 771
390 951
376 738
970 991
658 680
279 571
259 781
180 611
188 704
213 778
382 740
338 897
384 961
217 263
652 687
428 714
515 606
466 663
96 612
677 772
451 473
177 388
175 683
323 522
448 987
71 165
198 669
278 317
379 703
492 922
206 522
406 848
808 853
565 823
235 395
319 431
287 360
165 290
103 970
7 943
385 950
629 852
116 176
244 875
45 566
57 788
514 897
128 380
358 625
129 685
623 763
56 827
446 934
604 713
887 956
637 716
637 845
111 248
418 453
517 897
76 490
464 858
177 684
33 275
343 922
356 894
890 904
385 754
451 475
267 574
269 993
409 862
103 814
162 831
112 390
35 129
270 900
208 960
14 439
187 408
242 345
316 952
99 606
214 243
304 626
83 166
403 576
429 755
249 499
135 776
880 922
474 920
76 177
325 431
512 873
557 836
483 707
244 855
721 964
162 671
543 818
200 842
93 937
194 438
12 69
647 920
337 778
373 386
754 864
171 821
460 782
6 373
321 446
10 849
914 952
418 543
156 719
430 983
449 541
151 296
775 938
475 535
494 702
865 871
90 788
599 887
513 769
487 628
638 644
454 661
290 975
349 712
337 899
52 172
35 194
47 96
345 522
606 710
733 962
387 872
778 836
55 345
82 542
393 907
69 811
499 852
76 103
535 716
463 544
482 904
768 933
671 820
216 733
72 703
103 497
426 582
346 367
178 182
907 939
723 742
135 695
716 955
325 566
289 866
437 450
384 988
24 189
514 664
778 823
831 996
480 594
284 402
644 873
370 973
210 427
255 426
432 604
355 553
26 881
370 493
35 993
579 885
100 675
75 309
81 371
7 932
684 770
100 236
151 704
387 514
23 281
248 494
171 600
110 823
181 551
245 671
61 908
687 760
301 355
295 992
780 954
372 467
197 270
162 673
409 467
749 943
94 765
330 405
340 920
329 880
184 582
3 10
181 509
512 716
367 901
43 538
573 850
20 384
296 793
672 793
64 134
812 929
576 757
279 567
571 752
112 385
716 906
691 884
20 229
690 729
206 326
427 633
294 520
503 956
28 325
377 710
214 495
250 320
241 557
111 905
629 740
385 937
441 527
444 699
151 382
123 136
652 721
193 760
532 938
976 977
133 273
46 725
727 898
129 468
386 688
320 681
483 900
33 553
917 987
7 936
469 591
264 941
12 400
249 681
76 547
743 813
113 835
718 771
13 19
69 414
248 801
442 899
336 475
55 595
69 541
274 692
46 512
414 561
497 897
358 462
629 839
836 901
286 987
237 516
200 652
652 987
279 975
8 695
516 825
75 848
334 754
227 904
28 216
297 500
412 988
199 593
25 308
294 601
887 914
477 909
134 672
563 638
564 912
471 566
860 933
288 663
167 621
472 479
380 556
36 658
193 606
244 741
836 963
242 490
407 857
39 534
499 843
482 897
12 128
798 982
480 547
780 943
887 986
150 613
427 958
255 307
830 893
189 433
17 903
209 449
408 533
94 756
128 492
377 703
237 474
68 147
159 849
256 619
664 825
107 380
720 904
197 331
150 913
72 885
134 161
349 709
588 783
544 600
778 975
15 744
156 534
9 798
132 165
741 795
628 825
721 929
105 826
51 181
135 949
6 166
606 968
40 199
219 837
633 722
57 905
728 954
171 650
392 841
325 669
315 902
141 865
387 571
145 175
166 514
442 445
445 665
347 666
460 658
389 912
29 251
339 462
242 409
20 128
264 400
86 220
812 962
32 104
827 892
294 472
258 429
392 715
815 828
517 575
300 324
282 778
446 736
154 610
40 479
456 494
698 713
210 392
621 733
428 770
234 410
567 781
201 329
743 883
42 931
534 684
191 837
305 910
681 891
102 586
384 741
342 360
699 849
20 357
965 987
346 895
140 812
37 762
270 287
272 471
879 944
555 572
116 557
178 393
130 831
608 916
538 926
632 970
771 905
386 639
707 757
324 772
404 672
170 863
601 684
545 692
323 650
717 925
290 656
111 287
368 598
180 499
400 703
800 978
458 989
74 872
229 491
7 181
166 280
172 540
508 585
430 777
778 801
400 783
842 929
11 734
73 707
56 215
525 778
56 153
952 964
333 745
888 990
342 869
87 348
399 675
197 452
342 673
136 898
344 590
38 794
295 661
77 421
734 836
389 890
147 164
343 542
450 871
194 853
531 825
271 967
363 960
576 693
427 980
55 151
651 753
167 175
61 921
131 948
574 724
66 189
230 557
11 627
281 532
355 764
188 626
148 553
74 290
97 187
692 981
460 463
640 795
361 684
36 511
216 703
228 918
201 862
282 679
56 216
570 721
821 890
36 605
275 829
373 744
456 983
244 965
24 514
180 664
310 453
418 786
348 857
349 957
78 471
167 230
44 549
14 890
477 803
100 355
684 693
40 842
279 354
52 60
707 914
419 692
93 220
150 409
399 696
11 824
705 947
633 925
349 838
136 281
227 768
66 185
193 878
137 778
626 727
156 240
668 919
367 652
384 949
5 967
408 671
7 257
268 398
698 785
529 719
759 770
