0.291558 0.118861 0.133656 0.781927 4.178947 16.560582 1.000000
0.635106 0.192582 0.021047 0.970736 6.316301 50.000000 0.999327
0.357342 0.187650 0.019748 0.583047 6.696489 50.000000 1.000000
0.168042 0.225258 0.079920 0.430336 2.287474 20.370377 1.000000
0.136429 0.570308 0.323202 0.373601 1.475284 7.253993 1.000000
0.985778 0.200503 0.118821 0.793050 4.488017 20.312740 1.000000
0.342779 0.317697 0.068008 0.825909 2.809052 23.477540 1.000000
0.832231 0.177316 0.016276 0.740992 3.665699 50.000000 0.999141
0.287981 0.374931 0.025856 0.387089 7.894781 50.000000 1.000000
0.784575 0.123736 0.018517 0.696368 9.721593 50.000000 0.999527
0.206775 0.809961 0.216318 0.280424 2.149980 11.268381 1.000000
0.442321 0.563273 0.039627 2.152057 5.917854 50.000000 0.999887
0.336582 0.678265 0.110996 0.422035 1.916032 14.757051 1.000000
0.468907 0.243898 0.024314 0.876984 6.489767 50.000000 0.999503
0.531499 0.186834 0.015834 0.792850 5.248654 50.000000 0.999521
0.422064 0.625249 0.000100 0.871260 4.781550 4.784010 1.000000
