3.424780381710086630e+01 3.405726676741063841e+01
4.372253004941959631e+01 3.747873446952870324e+01
3.793710356414379703e+01 2.912404737377940478e+01
2.826852448082614444e+01 2.335679225483907118e+01
3.998190127456454945e+01 3.838858405203494328e+01
5.126492787258867878e+01 4.631847739494723726e+01
3.889976772035920050e+01 3.563471930072693539e+01
5.563916217327960112e+01 5.110391162094232698e+01
3.534597680911537054e+01 4.223636584384555448e+01
1.566056829365657066e+01 2.158387568170302728e+01
2.515414012055366300e+01 2.626047677747238396e+01
2.054129410785698440e+01 2.005575433344855796e+01
3.467973347982603372e+01 3.177272489539399558e+01
2.755510191646554929e+01 2.671713738905748414e+01
4.028306936740143129e+01 2.319297162699057324e+01
3.944941787594176930e+01 4.718897105373635270e+01
